-0.5427713856928467,4.974987493746873,-5.0766212373813655
-1.8434217108554276,1.0280140070035015,7.558865043273783
-2.6088044022011005,1.4832416208104053,6.910199606053783
-3.9644822411205602,2.5987993996998497,0.8210761762990013
1.6383191595797895,-1.443221610805403,6.619818665022875
-4.364682341170585,-2.103551775887944,39.00503885516625
-0.11255627813906965,1.0480240120060031,5.248801768246565
-0.737868934467234,-2.2886443221610806,17.77079467282746
-1.8934467233616807,1.0980490245122558,7.338085155652785
-0.982991495747874,4.50975487743872,-7.1450814482916325
2.268634317158579,-2.803901950975488,2.8292463978884617
-1.4982491245622813,2.1635817908954476,2.5168324929576906
3.799399699849925,3.1140570285142566,0.4447498857649266
2.0385192596298145,0.3526763381690845,4.075258587048671
-0.4927463731865931,-3.649324662331166,23.604171734196896
-0.8679339669834922,-4.1895947973986996,29.46349319695525
-0.7578789394697347,2.208604302151075,4.542528421582141
0.4927463731865931,-2.1935967983991995,13.552493263821503
-1.1630815407703854,0.16758379189594752,13.403767247063056
-1.7533766883441722,-2.088544272136068,23.27812878452223
-2.5087543771885943,3.4492246123061534,-3.3324577954680725
0.5777888944472238,3.3541770885442723,0.7470806115521776
-1.3081540770385192,-0.982991495747874,19.095647253101582
-2.8939469734867433,4.794897448724361,-9.139860459124934
-3.6793396698349174,0.4227113556778388,18.653637931852405
-3.619309654827414,2.603801900950475,0.7490147758445511
-4.409704852426213,-1.4082041020510254,34.658353612121964
1.8884442221110556,-1.733366683341671,4.373420523077687
-2.04352176088044,-4.619809904952477,40.36461921564171
4.929964982491246,1.933466733366683,-3.9364255649254782
-2.1435717858929464,-0.12256128064032001,16.447689583062377
-3.584292146073037,-1.5182591295647825,28.054402909864226
2.3436718359179585,-2.2636318159079543,1.8280111957839962
1.4882441220610305,3.5192596298149077,1.084469004447218
-3.1490745372686346,-1.6483241620810407,29.471529907216308
0.2176088044022011,0.5927963981990994,7.3288253235850895
0.2626313156578286,2.7488744372186087,-1.3112467270542045
-4.824912456228114,2.173586793396698,5.669441149248493
2.6888444222111056,-2.873936968484242,2.628551941727739
-2.808904452226113,-1.288144072036018,22.924247718165336
3.774387193596798,4.304652326163081,0.8729473342748416
2.453726863431716,1.1430715357678833,-0.8993320078209641
-3.5392696348174084,2.7788894447223607,1.8794252444203163
-1.1030515257628815,0.29764882441220575,11.175324024035517
-1.8534267133566784,-3.2341170585292645,28.261334579639552
-2.6238119059529765,2.083541770885443,5.409068491093117
2.0335167583791893,-2.7188594297148576,6.73142196988567
4.904952476238119,-0.6328164082041026,-5.184615119682443
1.6083041520760375,4.619809904952476,-4.246473326115837
-1.1830915457728866,1.163081540770385,9.37120086411001
2.7188594297148576,2.5887943971985994,2.059626522380537
-3.829414707353677,3.8194097048524256,-3.620649593339837
4.874937468734366,-3.494247123561781,-12.71711461203992
1.3031515757878935,-3.099049524762381,10.931607811389378
-2.2886443221610806,2.818909454727364,2.7785426744305166
-3.159079539769885,3.799399699849925,-2.9416783946370186
4.174587293646823,3.774387193596798,0.8308274686081341
0.2576288144072034,1.5432716358179084,4.452380306844196
3.9444722361180595,-4.35967983991996,-6.055608217066273
2.823911955977989,1.4832416208104053,0.6284143518106593
4.194597298649324,4.0345172586293145,1.2492653521191652
1.1830915457728866,-1.2181090545272637,9.356546695404933
1.413206603301651,-3.3991995997999,10.727347644497891
-2.6388194097048525,-1.5982991495747876,24.9127140564613
-2.933966983491746,4.704852426213106,-8.147096935671328
3.224112056028014,-3.6293146573286643,-2.197163730960847
1.5732866433216603,-1.2981490745372688,6.7055080126628175
1.1280640320160078,4.684842421210606,-4.999118691185446
-0.8979489744872433,4.504752376188094,-7.1063870330364445
-1.2381190595297649,1.008004002001,8.513365262828993
0.6278139069534765,3.1740870435217605,0.28495192927515983
-1.9384692346173087,-4.859929964982491,40.240459294940166
1.8634317158579288,-4.344672336168084,6.642884481468525
0.6028014007003497,-1.7083541770885442,12.320028582822875
-2.59879939969985,2.2586293146573286,2.391210948879775
3.864432216108053,-4.814907453726863,-4.895013638124481
3.1990995497748873,-1.5332666333166585,-2.824243183525497
-2.568784392196098,-2.868934467233617,34.49863527567012
-4.534767383691846,-2.1235617808904452,40.425356389976784
-1.8934467233616807,1.073036518259129,7.4303257613718685
-0.3326663331665838,4.329664832416208,-6.411066226140969
-1.643321660830415,-1.4232116058029014,19.088443002890855
3.3041520760380187,-4.439719859929965,-3.060802110162673
4.539769884942471,3.9094547273636824,1.302642687136277
0.40770385192596326,1.3231615807903951,3.9667513543198125
-0.6528264132066033,1.6633316658329163,2.897840945273496
3.2341170585292645,1.903451725862931,1.7420604637298214
-1.5882941470735368,-3.3391695847923963,28.74222222023041
-2.5437718859429714,1.3031515757878935,7.541420303731584
-3.434217108554277,3.0490245122561284,1.1004396066103803
1.7033516758379186,-0.7728864432216112,2.893258197187839
4.939969984992496,0.7528764382191095,-4.537902169338791
1.013006503251626,2.698849424712356,-0.7574647821879245
-3.319159579789895,1.813406703351676,6.914760766035204
-2.2736368184092046,-0.8029014507253631,18.136659919298513
4.27463731865933,-4.869934967483742,-11.328259905316603
-0.19759879939970038,1.0530265132566283,5.835834687982333
3.2941470735367684,-3.6143071535767883,-3.5228718492069118
-3.3591795897948975,0.2826413206603302,18.86849145569618
1.1880940470235117,-4.894947473736869,14.063521250122667
-4.294647323661831,-2.693846923461731,39.824587115131074
-2.2586293146573286,1.5832916458229116,8.550473987719059
-0.5627813906953474,2.848924462231115,-1.1774591160775945
-0.012506253126563394,-2.2086043021510755,15.253171264001917
3.7493746873436713,0.6378189094547269,-0.277343235165753
2.5287643821910955,-4.0345172586293145,1.9579387789312193
-4.994997498749375,1.4582291145572785,10.795124813937932
-4.5547773886943475,3.9344672336168074,-5.996272140461368
-1.31815907953977,-4.819909954977489,34.200571410180586
-3.3741870935467735,0.8079039519759874,11.973351588372463
3.989494747373687,1.1530765382691346,-1.7677146805793498
-2.388694347173587,-4.544772386193096,38.80508598559225
-1.2981490745372688,-1.1230615307653826,19.531712120870893
-0.3326663331665838,0.7078539269634812,9.622950996545315
4.194597298649324,-2.148574287143572,-8.012000226840104
1.2981490745372684,-1.2531265632816408,9.23505242951375
-3.6993496748374186,3.9194597298649327,-4.997536614187364
-2.5737868934467234,-0.9579789894947472,23.907673610618367
-2.488744372186093,1.2331165582791392,8.136357405512914
-4.0645322661330665,2.5687843921960978,1.3376497329676225
-1.8384192096048024,-1.9584792396198099,23.534115878304476
0.2626313156578286,0.4027013506753372,8.648767600281875
0.22261130565282627,-0.6528264132066033,8.232749226077582
3.6093046523261627,0.5677838919459726,0.46544263941805464
-0.09754877438719411,4.044522261130565,-3.5983024172747875
1.378189094547274,0.14257128564282162,3.3631862301618485
0.7178589294647324,2.763881940970485,-1.0469058792134653
2.4037018509254624,-2.7338669334667336,1.479459173259901
0.7578789394697347,-2.9239619809904953,12.399411040620596
-4.439719859929965,-2.568784392196098,39.63882721594294
1.0480240120060031,-3.9044522261130563,11.529170860954572
4.759879939969984,-4.664832416208104,-14.082225431709718
-2.788894447223612,-4.079539769884942,38.998747158264756
2.8389194597298646,1.0230115057528764,-0.3010468917276285
-4.044522261130565,-3.434217108554277,45.09755602614789
-2.428714357178589,-2.84392196098049,31.755626292168177
4.479739869934967,4.609804902451225,2.9588777687801238
2.3836918459229617,0.6928464232116056,-0.1906067804982694
2.423711855927964,-1.3931965982991499,4.127236943509668
-3.989494747373687,1.5082541270635312,12.169532121801259
0.6778389194597301,-0.8179089544772387,8.278760742357273
1.1730865432716353,-3.7543771885942974,12.479938017118457
0.18759379689844913,2.153576788394197,3.7527082438987565
-3.7343671835917958,-0.3276638319159577,24.179042979211314
-2.678839419709855,0.1275637818909452,17.6467945151161
1.4332166083041518,-0.6578289144572285,4.584089842898561
3.524262131065532,-2.0635317658829417,-2.146371672893051
-4.454727363681841,2.088544272136068,5.919551114652905
3.6293146573286634,4.039519759879939,0.6248872779407298
1.5832916458229116,-2.2736368184092046,8.510456658584308
-3.139069534767384,-0.16258129064532323,17.43171227444207
-2.3486743371685845,-0.9929964982491244,21.91567884487358
-0.5177588794397199,3.1390695347673834,-1.8493904677742552
-0.12256128064032001,4.479739869934967,-6.457234591346557
3.3891945972986495,-2.6888444222111056,-3.8338769523712704
1.8034017008504248,1.2781390695347676,1.4610292245044514
-0.3126563281640822,4.809904952476238,-5.307451339870057
-1.9984992496248126,0.39269634817408683,13.723546756554656
-2.3486743371685845,2.113556778389194,3.62864561863838
2.7438719359679835,0.41270635317658844,-1.2949171331481752
3.9094547273636824,4.809904952476238,1.499491905649076
-2.6988494247123564,-4.899949974987494,45.162178219433045
-3.574287143571786,-4.8299149574787394,49.90095694076345
3.469234617308654,0.4677338669334663,0.7200616630623433
-0.0575287643821909,0.43771885942971434,9.734665764421674
-2.6288144072036017,-1.703351675837919,26.688577398839566
-1.028014007003502,4.054527263631815,-4.789134800226061
4.659829914957479,-3.16408204102051,-8.231543464145362
4.304652326163081,-1.748374187093547,-8.162500171345531
-0.32266133066533254,-2.713856928464232,17.625749430300278
4.624812406203102,2.428714357178589,-2.591183512633116
4.144572286143072,4.794897448724361,2.2837245901236787
-4.079539769884942,-0.40770385192596326,22.385471119076648
-3.6293146573286643,0.8029014507253622,13.215101643849174
2.1935967983991995,-3.989494747373687,7.549907567998372
-2.75887943971986,2.3986993496748372,1.4925266692795918
-3.80440220110055,3.7543771885942974,-3.2517091649535192
4.0345172586293145,0.8829414707353678,-2.404903290427034
-1.4932466233116561,0.29764882441220575,14.13554039880297
-1.0380190095047523,1.31815907953977,8.412059196940874
-4.559779889944973,-2.848924462231116,45.96613471084762
1.8484242121060532,-1.0330165082541272,2.6720347675428604
1.7633816908454225,-2.04352176088044,7.864534013393401
3.9794897448724367,-2.2286143071535767,-4.866567560114557
2.088544272136068,-2.868934467233617,6.417221459289588
-2.428714357178589,-1.9734867433716858,28.292242666507587
4.6498249124562285,-3.6443221610805403,-9.026683010469487
1.1430715357678833,3.184092046023011,1.107558476065873
-4.504752376188094,4.414707353676839,-9.865185961349935
-4.264632316158079,2.3986993496748372,5.606733354919037
-4.424712356178089,-2.373686843421711,39.32731852915943
-1.9684842421210607,1.898449224612306,5.4264460297353425
3.6293146573286634,-0.7528764382191095,-0.3981199874480046
-1.428214107053527,2.8689344672336166,0.2943317704031427
-4.194597298649325,2.9539769884942473,1.8376844036083662
-2.2686343171585794,2.358679339669835,1.8579122563108241
-0.6278139069534765,-4.964982491245623,27.68898011403381
0.4477238619309656,0.6928464232116056,4.428320902247714
0.23261630815407663,-1.9884942471235618,12.726138539271025
0.8979489744872433,-4.844922461230615,17.975612451327773
-1.0780390195097551,-4.104552276138069,28.35390570146649
-2.3686843421710857,3.6393196598299156,-1.9369827551464387
0.6528264132066033,3.6043021510755366,0.5212271798396373
-2.533766883441721,-3.589294647323662,35.207900879082054
-1.1980990495247625,-1.8184092046023013,18.38567682456212
0.20760380190095074,-4.164582291145573,19.131749644741145
-1.7083541770885442,-0.012506253126563394,12.600459019307158
-1.2431215607803905,4.084542271135568,-5.459627832597051
-3.3391695847923963,-2.3386693346673337,34.97749022360516
-0.5027513756878443,4.219609804902451,-5.9427769744819
-0.7628814407203599,0.9529764882441221,9.563396010353873
1.31815907953977,-4.469734867433717,11.239132251684735
1.658329164582291,2.388694347173587,-0.3606297680210474
2.0135067533766877,-2.678839419709855,6.892252131656222
0.16758379189594752,3.469234617308654,0.46008178202185523
4.459729864932466,-1.8334167083541772,-7.943014719578461
0.6228114057028513,3.6593296648324163,0.25859168486900685
-2.3536768384192097,-1.6783391695847927,23.04881388002862
2.453726863431716,0.30265132566283093,0.4008432964533257
-0.9279639819909953,-3.914457228614307,29.088477205930573
1.8934467233616807,-3.7793896948474237,6.24458108173216
-4.694847423711856,2.6138069034517253,1.9890073119227298
1.8334167083541768,-0.7328664332166088,2.8796856477781705
-2.868934467233617,2.7738869434717355,3.012882967567303
2.4137068534267128,2.638819409704852,1.8753783096113357
4.609804902451225,4.074537268634318,1.8206704478177544
-2.6038019009504754,3.704352176088044,-2.0909125983080785
-3.0240120060030016,1.0530265132566283,13.651130363070614
-1.653326663331666,3.094047023511756,-2.272463293855664
-2.443721860930465,-3.9744872436218106,39.767278340384195
0.27263631815907896,1.5732866433216603,4.632142890234016
-0.11255627813906965,3.7593796898449217,-0.6920380575648963
2.148574287143572,0.8629314657328662,0.9046363981077559
-3.6693346673336666,-2.378689344672336,33.9229668676051
-0.8379189594797403,-4.934967483741871,29.082240446563254
-4.089544772386193,-2.803901950975488,39.15093996888417
2.853926963481741,2.6838419209604805,2.042291788779633
2.9239619809904953,3.47423711855928,1.0360227129444342
-4.819909954977489,-1.0880440220110055,33.527043131214654
1.6833416708354179,1.7233616808404202,-0.01169431606655702
-4.7398699349674835,2.1985992996498247,6.130663687559728
-0.12256128064032001,-0.04752376188094054,7.857091282688424
-4.889944972486243,-0.06753376688344215,22.203686057384086
4.45472736368184,4.9549774887443725,3.685427484677909
-2.3536768384192097,-0.22761380690345145,19.25489193087648
2.058529264632316,-2.6838419209604805,6.148596523973005
-0.007503751875938214,2.8089044522261126,-1.4215679974545643
-2.448724362181091,4.409704852426213,-8.639099888020766
-0.032516258129065,0.20760380190095074,9.274483757452641
-4.719859929964983,4.009504752376188,-7.958805799991411
4.119559779889945,-4.134567283641821,-9.64024289666844
-4.394697348674337,-4.784892446223112,55.573467041239844
-1.0780390195097551,2.023511755877939,2.833299065789839
-2.6988494247123564,2.6588294147073537,2.7970238531940232
-3.4842421210605306,0.1025512756378184,17.227195758347293
4.44472236118059,3.1990995497748873,-0.40974640708065435
-0.3526763381690845,-1.8484242121060532,16.891078087472938
1.3031515757878935,-1.8484242121060532,8.098429084896221
-1.688344172086043,0.9229614807403701,7.788057926344777
0.47773886943471755,2.2486243121560783,1.666898611487459
3.5492746373186588,0.2676338169084538,0.4867665709575779
0.7278639319659828,-4.1895947973986996,18.326921113030505
4.949974987493746,1.3681840920460226,-4.378689258618575
-1.9434717358679339,-0.5127563781890947,19.351326983427665
-1.1330665332666334,3.2941470735367684,-2.142120334131146
2.293646823411706,-3.3941970985492746,4.618000077042219
0.9979989994997496,0.05252626313156572,4.588024799355555
4.894947473736869,2.9589794897448725,-1.6829526131881747
0.04252126063031536,1.9734867433716854,5.008430896196339
3.224112056028014,2.488744372186093,1.7289180806608964
-3.8094047023511757,3.1190595297648827,0.31266918681327416
-3.529264632316158,-4.579789894947473,51.45182552441912
3.64432216108054,3.714357178589294,0.6631204264088475
2.733866933466733,-3.4092046023011506,1.7931514192935711
4.349674837418709,-1.653326663331666,-8.117870242010717
2.20360180090045,3.774387193596798,0.17185080768683036
-3.014007003501751,-2.8939469734867433,33.56105861200786
-4.174587293646823,0.8079039519759874,17.367287770890435
-4.474737368684342,-2.9939969984992496,45.615370372194214
3.7843921960980484,-0.6828414207103553,-1.195493172021847
-2.7838919459729867,1.7733866933466729,8.2285987325205
-3.3991995997999,-1.593296648324162,28.35622022092954
-0.9979989994997496,2.7788894447223607,0.5257911406203644
-0.5227613806903451,-3.95447723861931,22.52205764047598
-4.694847423711856,1.5682841420710352,12.516422447510152
4.539769884942471,-2.458729364682341,-7.729480850905238
-4.659829914957479,2.8339169584792394,0.025024975596968257
3.9444722361180595,1.1430715357678833,-1.4378687904739065
-1.7433716858429213,2.418709354677339,3.429600232723121
0.8229114557278638,-1.013006503251626,8.302549283982028
-3.434217108554277,4.224612306153077,-9.869624436271728
-2.1285642821410704,-2.9639819909954976,28.657906898425146
1.993496748374187,2.263631815907954,0.06959213394768293
1.963481740870435,-0.5477738869434718,4.002193479962145
2.6138069034517253,-4.794897448724362,2.2778938381932807
0.9279639819909953,1.628314157078539,4.528056408532073
3.344172086043022,-4.599799899949975,-3.815151520690536
1.933466733366683,-2.743871935967984,8.085872580898469
0.20260130065032467,1.1680840420210101,3.1827153668045645
-4.51975987993997,3.7843921960980484,-3.968849317243281
3.309154577288645,-4.484742371185593,-3.1322743916060194
-3.619309654827414,3.499249624812405,-4.552575882121622
1.2681340670335164,-1.9484742371185595,7.537586566189001
4.344672336168085,0.1275637818909452,-5.807012611934114
-1.2231115557778889,4.849924962481241,-5.886580155768211
-1.333166583291646,2.8339169584792394,0.5912135664367697
1.7383691845922957,-3.5342671335667832,6.300696059814486
2.1685842921460727,4.244622311155577,-1.9011353533656212
-1.4082041020510254,4.964982491245623,-6.9130835969223865
3.9194597298649327,1.5232616308154077,-0.9614876567729261
-3.7093546773386694,-0.7428714357178592,23.299492953548093
-2.788894447223612,2.2536268134067035,3.0163599473095797
2.0935467733866933,-3.799399699849925,7.650984353599294
2.603801900950475,4.6748374187093535,-2.281282663149858
-4.949974987493747,2.4437218609304647,6.379075459533403
4.349674837418709,1.8584292146073036,-2.902348103268629
3.3641820910455227,3.1090545272636323,1.1130446063879074
-0.9479739869934969,-3.179089544772386,22.75143734902256
-1.443221610805403,0.17758879439719877,14.393534356072845
-1.673336668334167,4.514757378689344,-7.517773734090917
-1.8234117058529264,-0.3026513256628318,15.77693475632882
-2.808904452226113,4.154577288644322,-8.444160005454915
4.779889944972487,-1.8234117058529264,-6.614233160673836
-1.2031015507753877,0.43771885942971434,10.150569246737088
-4.774887443721861,-2.2336168084042023,38.767890887541526
3.374187093546773,-0.9079539769884946,-1.3221574709970387
3.95447723861931,1.2131065532766385,-1.4524950572401139
0.6978489244622308,-3.159079539769885,12.185277709288698
3.9344672336168074,3.2341170585292645,0.3191134365430406
3.009004502251125,3.6043021510755366,0.7697655019066164
-4.324662331165583,2.673836918459229,0.39099532770052314
4.0945472736368185,1.5382691345672832,-2.061241901614041
-4.43471735867934,4.044522261130565,-8.499264082534584
4.114557278639319,4.419709854927463,1.678472543724724
-3.0740370185092547,-3.224112056028014,39.29230600223314
-4.1895947973986996,4.534767383691845,-9.144132692680031
4.664832416208103,4.76488244122061,3.9120012274161224
1.9784892446223106,-4.779889944972486,6.163998135352745
-2.2436218109054527,3.8094047023511752,-2.38747053164745
1.0680340170085039,-3.924462231115558,11.484249541512082
4.504752376188094,-1.8034017008504253,-7.649370936193717
-3.7843921960980493,2.1685842921460727,7.626436716327198
0.2176088044022011,-4.724862431215608,23.493389845297507
-1.643321660830415,1.3681840920460226,9.087210632208864
0.45772886443221594,2.3986993496748372,0.38138699857845837
3.6043021510755366,0.22761380690345145,0.31854903898742815
3.3941970985492738,2.148574287143572,1.4659624088449206
-1.7233616808404202,-0.24762381190595306,13.874610907687137
0.1725862931465727,2.6888444222111056,-1.0273594417574596
4.68984492246123,0.2676338169084538,-5.691210988666258
2.4687343671835915,-1.6283141570785395,3.902373364112374
-3.284142071035518,2.028514257128564,8.05524730694335
-1.653326663331666,-2.433716858429215,23.343901623692414
-3.8844422211105556,1.0980490245122558,11.540841233902682
1.31815907953977,-0.4927463731865931,4.884756962462527
-4.2096048024012,0.08754377188594287,22.2918864471672
-0.4627313656828411,-1.9284642321160583,19.005544064228335
0.582791395697849,0.11755877938969483,8.257030130232181
-3.4542271135567786,3.1040520260130062,0.0988058334423062
3.3841920960480234,-1.8634317158579292,-2.7727574173776723
4.354677338669335,-0.06753376688344215,-6.13912253840955
1.9384692346173082,-3.069034517258629,8.25547705543353
-0.36768384192096093,-2.9939969984992496,18.659347531564546
-1.5382691345672836,0.6878439219609804,9.52391952976174
-0.27263631815907985,-2.328664332166083,19.32658386974932
-2.27863931965983,-3.7543771885942974,33.65398104825912
-4.794897448724362,4.299649824912455,-11.100357256732996
2.143571785892946,1.933466733366683,-0.36702066309125037
2.668834417208604,-4.529764882441221,0.6210702048972179
-1.1380690345172586,-4.474737368684342,30.08179470379867
2.573786893446723,3.799399699849925,0.22370884205905167
-2.5587793896948474,1.4332166083041518,6.903144589468392
1.8234117058529264,-0.9129564782391197,2.69450568893244
4.6498249124562285,-2.693846923461731,-7.523866977393228
-3.3641820910455227,2.293646823411706,4.494410015774049
-0.022511255627813753,1.4282141070535266,3.1592226542040045
4.894947473736869,3.9744872436218106,1.8009409543920492
0.1725862931465727,-0.3126563281640822,7.933829493275978
3.499249624812405,4.0345172586293145,0.48191501406863024
-3.3641820910455227,-1.4582291145572785,29.57587639056875
3.3041520760380187,0.7578789394697347,0.8666051942804915
-2.548774387193597,2.243621810905452,2.4481250840285917
2.4687343671835915,-3.5692846423211604,1.8337506646775195
-4.34967483741871,2.1285642821410704,6.5687519678019894
-3.0240120060030016,1.378189094547274,8.928938466094923
1.8884442221110556,4.67983991995998,-3.8489639498923305
-3.80440220110055,-1.9434717358679339,34.98394463682708
-2.998999499749875,0.13256628314157037,19.070245616016823
0.8029014507253622,-1.1630815407703854,7.713497810774598
4.084542271135568,-1.7583791895947973,-6.096310172589409
4.599799899949975,-3.07903951975988,-7.938844638019187
-2.3136568284142074,3.64432216108054,-1.8620823674536693
4.419709854927463,2.3186593296648326,-2.264401982371151
-3.4142071035517763,-4.304652326163081,44.94971447799452
-1.1580790395197598,3.5492746373186588,-0.8261249399706514
-2.198599299649825,4.984992496248124,-9.965822272913162
-4.864932466233117,-0.25262631315657824,25.58195274523146
0.8729364682341165,0.6928464232116056,3.3200210372785683
-0.3326663331665838,1.3131565782891448,4.024234643894693
0.9429714857428717,-1.6483241620810407,7.56187156899247
-2.068534267133567,0.9129564782391197,10.347314837467863
-2.468734367183592,4.949974987493746,-10.388672444969073
-2.803901950975488,-1.208104052026013,22.884612048846954
3.1940970485242612,-0.5377688844422215,-1.6724514631656273
-4.409704852426213,1.5432716358179084,12.736599281478615
-2.9139569784892445,-2.888944472236118,33.8576416646809
2.6288144072036017,3.9944972486243113,-0.35405260713859604
-0.8029014507253631,-2.7538769384692348,23.58802387647921
-1.2181090545272637,-2.9389694847423713,23.057614985518853
0.7728864432216103,-0.49774887443721916,9.64900344515583
3.6743371685842927,-4.549774887443722,-4.39169777594128
2.9339669834917457,-3.739369684842421,2.289902350441987
2.1335667833916956,1.288144072036018,-0.3961468841997764
-3.739369684842421,-2.583791895947974,38.90264085735112
0.17758879439719877,-0.7328664332166088,9.1598804223534
3.9044522261130563,2.078539269634817,-0.4682938395552359
-0.38769384692346165,4.374687343671836,-6.651661517129798
-1.4632316158079042,2.2836418209104554,3.293067192701172
2.293646823411706,-3.3091545772886444,4.268028442819941
1.9734867433716854,-3.3991995997999,7.877660707011477
-2.4637318659329663,3.2041020510255134,-2.9313506287226723
-1.7533766883441722,-3.514257128564282,29.60152042279217
4.304652326163081,3.7243621810905445,0.7772907120489051
-0.032516258129065,-4.104552276138069,23.452373771779307
4.0295147573786885,3.1940970485242612,0.15225820137418392
-1.2981490745372688,-3.174087043521761,27.147779522232792
3.684342171085543,2.488744372186093,0.5684289309817057
-2.728864432216108,-2.2436218109054527,28.197111088502886
-1.3431715857928967,-2.113556778389195,24.10693311696426
1.7883941970985493,1.6083041520760375,0.010089349852242968
-1.4082041020510254,-2.9239619809904953,25.613584252587355
0.9479739869934969,0.307653826913457,3.599135161579924
0.25262631315657824,-3.2991495747873936,18.89936985078598
0.43271635817908916,-4.184592296148074,16.85074546597834
-3.404202101050525,2.603801900950475,0.9547049570328003
3.5742871435717856,3.6093046523261627,0.6810323014490481
-4.294647323661831,-2.9889944972486244,45.66567382447963
-2.903951975987994,-1.688344172086043,29.679754230077297
0.582791395697849,4.604802401200599,-5.638186095394022
-2.5137568784392195,-0.612806403201601,17.960628928791607
-3.544272136068034,4.139569784892446,-9.19543177259682
3.2041020510255134,-2.6088044022011005,-2.852378896032664
-3.829414707353677,0.27263631815907896,17.048835413120283
2.6488244122061024,1.0780390195097551,-0.7687789526965297
0.7628814407203599,-0.13256628314157126,8.458200400605985
4.839919959979989,-1.5182591295647825,-6.319237316266252
1.743371685842921,2.2136068034017002,-0.5654772109102569
-4.899949974987494,-0.21260630315157591,24.968131779471733
0.5677838919459726,-0.6028014007003506,8.583341573385349
-1.9134567283641823,4.194597298649324,-7.695736283054443
2.3386693346673333,2.36368184092046,1.242044294007549
2.023511755877939,1.1680840420210101,0.5220481206195025
4.579789894947474,3.2991495747873927,-0.317917544197226
1.8634317158579288,-3.5992996498249124,6.492147771111304
-3.6393196598299147,4.50975487743872,-8.65668535445739
1.4032016008003998,0.8829414707353678,5.323005604948263
4.524762381190595,-0.6078039019509758,-6.825203226025119
-2.498749374687344,-3.9394697348674335,40.101244804641986
1.6033016508254123,0.9079539769884937,4.728656631558032
-3.554277138569285,0.18259129564782395,17.39790013384896
1.7733866933466729,-0.13256628314157126,4.28505443577499
-4.259629814907454,3.2941470735367684,-3.0109110892062865
1.8784392196098043,-4.619809904952477,7.480142464446593
3.959479739869934,4.879939969984992,1.7324686291018598
3.65432716358179,4.019509754877438,0.6536050437822147
2.1635817908954476,-1.6633316658329167,2.244567306240322
-4.19959979989995,2.9039519759879937,1.5390823146639119
-2.138569284642321,-2.2486243121560783,28.1942842889593
-3.6393196598299147,-1.0980490245122563,29.10401692785467
3.684342171085543,-4.4947473736868435,-4.240790290391465
2.853926963481741,4.669834917458729,-1.632853107444149
3.1490745372686337,3.9144572286143067,0.2817748076839818
4.529764882441221,2.2286143071535767,-2.7932867561028907
-4.894947473736869,-3.23911955977989,51.2573988588522
-3.6743371685842923,0.2676338169084538,17.515175861298083
-0.0575287643821909,-2.468734367183592,18.516047965243427
-0.10755377688844447,-1.2131065532766385,14.185210398710874
3.5092546273136573,1.2631315657828912,1.0638721981452546
4.169584792396197,-3.7943971985992997,-9.884949664834624
1.4832416208104053,4.464732366183091,-4.062848915798476
-2.9939969984992496,1.898449224612306,8.2960614965441
0.2576288144072034,-4.079539769884942,17.566055449342084
-3.369184592296148,-0.1925962981490743,19.340630230175943
-0.18759379689844913,2.9639819909954976,-1.746960631645404
-1.5332666333166585,2.8089044522261126,1.471572044808563
3.0590295147573787,-0.8629314657328662,-2.2094198218974603
1.5182591295647825,-3.7143571785892946,10.531334805503924
-1.4982491245622813,1.258129064532266,9.017653109622364
-3.574287143571786,-1.2631315657828917,29.68383935504456
1.073036518259129,4.439719859929964,-4.694310974938206
1.7083541770885438,-1.2931465732866436,4.699950129536555
2.513756878439219,-0.12256128064032001,1.2074753400875171
-1.5682841420710356,0.18259129564782395,14.211500478416562
-2.903951975987994,-1.0880440220110055,23.056195922035812
1.4882441220610305,-0.9929964982491244,5.986076627053454
2.2786393196598294,3.159079539769884,1.8700702819739419
-2.9239619809904953,4.409704852426213,-8.951265322962186
-2.883941970985493,-3.6143071535767883,40.59093862546724
0.06253126563281608,-4.714857428714357,23.143462316049177
-3.9344672336168083,4.399699849924962,-9.646556160455933
-4.289644822411206,-4.994997498749375,56.80093578500605
4.874937468734366,-2.853926963481741,-10.410692266948452
1.0830415207603803,1.5482741370685345,4.309487106312403
2.0385192596298145,-4.43471735867934,5.663635665817611
-2.808904452226113,-5.0,44.47159978005154
0.7478739369684844,-2.098549274637319,13.14767562877809
2.0335167583791893,1.9984992496248122,-0.4588478507517798
0.7578789394697347,3.1190595297648827,0.29628448043330197
-0.47773886943471755,-0.08254127063531769,9.642690150938241
1.0680340170085039,4.609804902451225,-5.063127418143581
2.813906953476738,-0.8479239619809906,-0.3003331357194432
-3.3791895947973987,4.974987493746873,-14.179583618280896
1.228114057028514,-3.6743371685842923,13.143069950455503
-4.479739869934967,-0.1475737868934468,22.392667516052317
-2.2636318159079543,-2.8139069534767382,28.67382160915288
2.2186093046523263,-0.5677838919459735,4.708262660913845
1.3281640820410203,1.80840420210105,1.1627747776076767
-2.358679339669835,1.9534767383691847,6.472172618044948
1.4582291145572785,3.6343171585792895,0.6246485830176903
2.1885942971485743,-2.9939969984992496,5.068394438619243
-4.889944972486243,2.7488744372186087,-0.0025604512815682323
-1.5082541270635317,-3.9794897448724362,31.406842117395147
2.858929464732366,-2.9389694847423713,2.83373535978098
2.8039019509754874,3.1740870435217605,1.6355757837936786
2.4337168584292144,-4.35967983991996,5.173988668019336
0.3526763381690845,-3.479239619809905,18.830299756125573
3.5992996498249124,-1.2431215607803905,-0.8174128322602112
0.43271635817908916,-0.3726863431715861,8.876908490934529
2.1335667833916956,2.418709354677339,0.8817979487834661
-1.013006503251626,-3.749374687343672,28.90962902576922
-1.3131565782891448,2.1035517758879436,2.65400297113153
3.624312156078039,-4.83991995997999,-5.25154958056841
-0.8079039519759883,-0.1925962981490743,14.088457761036958
-4.664832416208104,-3.0440220110055027,44.37717916199189
1.9384692346173082,-3.069034517258629,8.25547705543353
-1.8434217108554276,3.9994997498749374,-4.835152451981647
1.0830415207603803,-3.6443221610805403,12.132447665563411
3.924462231115557,-0.8729364682341174,-2.860714034819173
2.6288144072036017,2.418709354677339,1.869316047468698
2.9539769884942473,-3.249124562281141,2.2144874238862684
1.9684842421210602,0.7828914457228615,2.7864811533837535
-2.27863931965983,-1.3731865932966483,24.548427949547506
-1.4582291145572785,-4.774887443721861,33.267869550807305
0.03251625812906411,2.5337668834417206,0.48503280076862465
2.9039519759879937,-0.552776388194097,-1.582154907012717
-4.004502251125563,-4.549774887443722,51.62740300478863
-3.2591295647823912,4.43471735867934,-8.951928812397412
-4.834917458729365,-1.288144072036018,34.38266922457258
-4.639819909954977,-2.443721860930465,40.052595087688985
1.5132566283141573,2.763881940970485,0.4863121527533866
2.998999499749875,1.0230115057528764,0.32382380272315725
2.0435217608804397,-2.8989494747373685,7.246978555005158
-1.31815907953977,-3.7343671835917958,28.50454212765484
-0.7478739369684844,-1.108054027013507,13.85455177105135
2.20360180090045,-0.027513756878438933,4.040067406320518
1.2081040520260125,3.6643321660830406,0.4213333414684455
-4.859929964982491,-1.6633316658329167,36.4761722436695
-2.1885942971485743,-3.704352176088044,33.73190270415475
0.45272636318159076,-1.8934467233616807,14.234003050561434
-3.5392696348174084,0.7878939469734867,12.879448351920924
-4.509754877438719,1.8284142071035516,8.07529054088444
3.469234617308654,1.1480740370185094,1.127753532496145
-2.6338169084542273,3.9394697348674335,-4.511115522108542
-2.5387693846923463,-3.5342671335667832,34.50815777894235
2.4987493746873435,-0.7778889444722363,3.4473385810238093
3.8844422211105556,-4.364682341170585,-4.867713473425163
3.804402201100549,4.329664832416208,0.9407112374825636
-4.009504752376188,-1.1780890445222614,28.102840963167523
2.0085042521260625,-3.8244122061030517,7.0170737475365605
0.5877938969484742,1.073036518259129,3.5814167670621275
0.7928964482241119,-0.5077538769384695,9.640656569362225
-2.84392196098049,-4.164582291145573,40.62587161511092
-2.6888444222111056,-4.919959979989995,45.10748599296679
3.0490245122561284,-3.9694847423711854,1.5830677814861247
4.004502251125562,-3.5492746373186597,-6.646725489338406
-3.87943971985993,-2.5237618809404703,39.81606879779261
-0.03751875937969018,-4.35967983991996,23.79704172852374
-3.4492246123061534,-3.134067033516758,40.08149227145987
-2.6738369184592297,-1.9334667333666835,29.88436505713713
4.569784892446222,3.8994497248624302,1.2974212085749122
-1.9884942471235618,1.5982991495747871,8.932454753237742
-0.9329664832416213,0.4427213606803404,8.129710839785488
-0.2176088044022011,-0.31765882941470736,9.481564258663184
-0.9229614807403701,0.7578789394697347,8.295379710941836
4.4297148574287135,0.7378689344672331,-5.205705895234244
0.3126563281640822,2.1885942971485743,2.9521541226134307
-0.18259129564782395,3.794397198599299,-1.0126184833405691
2.11855927963982,-4.109554777388694,7.137152426595044
-3.139069534767384,-4.584792396198099,44.56426342781049
-1.9784892446223115,-4.634817408704352,39.96460966152952
4.974987493746873,2.1685842921460727,-3.596068988056081
4.084542271135568,-0.2876438219109554,-4.274790404984401
-3.594297148574287,-1.3581790895447723,29.036224923139294
-4.534767383691846,-3.0740370185092547,44.501109993852836
-1.4982491245622813,-3.3791895947973987,29.224948430294425
1.4032016008003998,3.9144572286143067,-1.0195739594165758
-1.0080040020010008,1.2081040520260125,9.157843833241708
-4.719859929964983,-3.6443221610805403,50.02948205675916
1.8334167083541768,4.089544772386192,-1.656627690615506
-4.714857428714357,1.6933466733366682,11.98024596986616
3.9094547273636824,-3.6993496748374186,-4.808700454702786
2.6888444222111056,-0.49774887443721916,0.33548971034938313
-2.433716858429215,2.978989494747373,0.6778372306532412
2.938969484742371,0.5577788894447222,-0.8285417610078862
3.684342171085543,2.2236118059029515,0.5322953466220828
-0.21260630315157591,-2.6588294147073537,18.62250271039078
0.1725862931465727,-4.244622311155577,20.76194521979884
4.594797398699349,2.7788894447223607,-1.6808624102948628
2.9039519759879937,0.6978489244622308,-0.6984004255091103
4.839919959979989,3.924462231115557,1.57413026495441
-4.969984992496248,3.3641820910455227,-3.9984201044586314
2.888944472236118,-1.828414207103552,0.9188615044081219
0.38769384692346165,0.9479739869934969,3.3613773235319835
4.354677338669335,-2.4937468734367183,-8.929413270983297
-3.219109554777389,0.05252626313156572,17.888522062268002
1.378189094547274,3.9694847423711845,-1.4124811029312343
3.95447723861931,3.8794397198599295,0.8503816139704802
-1.3231615807903951,1.7633816908454225,4.119093078044353
-2.4937468734367183,-2.838919459729865,32.90749440490458
-1.2931465732866436,2.6138069034517253,3.396932986147744
-3.179089544772386,0.5927963981990994,13.62903171653329
3.64432216108054,1.8834417208604304,0.6479651761019581
-4.629814907453727,4.1245622811405696,-10.339334240725346
0.8129064532266135,-1.0180090045022512,8.225636969636028
4.409704852426213,1.1180590295147574,-4.5027605597499045
-0.25262631315657824,-2.9689844922461233,17.45825039185383
-3.2991495747873936,-1.5482741370685345,29.322927648655078
4.684842421210606,3.224112056028014,-0.6358207693245397
-3.9044522261130563,3.779389694847424,-3.411115852737251
-1.8984492246123064,-3.064032016008004,28.233725208100044
-4.029514757378689,-1.9834917458729366,33.43954378451474
1.3381690845422707,-2.083541770885443,7.514869047755295
-0.1675837918959484,-3.7243621810905454,22.700841080861558
-4.399699849924962,-0.07253626813406733,23.420583764232372
-3.034017008504252,-3.554277138569285,40.08239337923432
1.5782891445722855,4.549774887443721,-4.146292380425809
-4.2196098049024515,1.4482241120560282,12.903807380193177
1.473236618309154,2.3086543271635813,-0.7550381388229512
-1.7683841920960481,-0.6228114057028513,19.273559138541728
0.8529264632316158,3.2691345672836416,0.9134424299542334
3.1740870435217605,-1.778389194597299,-2.8282498256313016
-3.4142071035517763,2.0685342671335665,7.94117478046798
-4.469734867433717,-0.8429214607303654,28.352354862838517
0.45272636318159076,0.36268134067033486,7.37776536714843
-4.834917458729365,4.969984992496247,-16.94386494792475
2.763881940970485,1.0780390195097551,-0.4524907897581799
-1.688344172086043,-0.1675837918959484,12.871626343443234
2.3136568284142065,-1.8584292146073036,2.456444139607481
-3.87943971985993,-3.8544272136068036,45.535539797522475
-2.2236118059029515,-4.314657328664332,40.20100050731651
0.6778389194597301,4.854927463731865,-4.901128223215865
0.582791395697849,-3.069034517258629,13.013176301263153
1.5132566283141573,3.7293646823411706,0.16229211184696757
3.8544272136068027,-0.3326663331665838,-1.6680707676263016
-4.229614807403702,-4.19959979989995,50.05451719089049
1.3981990995497746,0.14257128564282162,3.4288662651675663
4.449724862431216,-2.838919459729865,-8.596652151864127
-1.9134567283641823,4.469734867433717,-7.933201842225016
0.34267133566783414,-4.689844922461231,21.149637305911302
0.797898949474737,-3.9694847423711854,16.101137466172595
3.2341170585292645,-1.5432716358179093,-2.8496006771728983
-3.619309654827414,-3.2291145572786393,39.243035883777026
-4.119559779889945,4.759879939969984,-12.30346544756404
1.0880440220110055,-4.714857428714357,15.234687770894672
-3.509254627313657,-0.6178089044522261,23.312230231536198
1.6083041520760375,4.919959979989995,-4.2886818082399465
4.2496248124062035,-0.5927963981990994,-6.312285006929359
-3.8844422211105556,-1.6033016508254128,32.0818576703922
-3.554277138569285,-2.998999499749875,40.33825944074015
-2.113556778389195,2.878939469734867,1.699125285700901
1.2231115557778889,-2.213606803401701,7.264586523836873
-3.6293146573286643,-0.032516258129065,18.8921906817875
-0.04252126063031536,-2.2186093046523263,15.889967877739245
-2.358679339669835,0.8179089544772387,13.658461094279014
-3.159079539769885,-3.7243621810905454,39.518326073957674
-4.409704852426213,-2.548774387193597,39.12387253315525
1.5882941470735368,-1.7683841920960481,8.680911335351759
1.8634317158579288,1.5382691345672832,-0.04654262430236056
-1.6683341670835419,-4.834917458729365,36.20572571578014
0.6228114057028513,2.153576788394197,1.917211454232303
-4.459729864932466,-0.8379189594797403,28.456490443951864
3.1340670335167573,-0.6028014007003506,-1.9777967756657653
0.7278639319659828,3.0190095047523755,-0.1797692640722724
-0.5277638819409702,-4.3096548274137065,25.636962944326864
-3.0290145072536268,-0.8129064532266135,24.31812222714624
-3.8494247123561784,4.144572286143072,-9.652568995680854
1.5432716358179084,-1.7983991995998,8.978327747268173
-3.6793396698349174,2.0335167583791893,7.595740400395579
-3.6443221610805403,-1.8584292146073036,33.7176626271374
4.824912456228114,-4.294647323661831,-14.373062742603986
-0.13256628314157126,-3.799399699849925,22.75585750954375
4.819909954977488,0.027513756878438933,-5.179193680683297
2.913956978489244,-3.189094547273637,2.530383637424229
-4.83991995997999,-0.427713856928464,28.856314275474126
-3.0090045022511256,4.544772386193097,-8.030066659691412
0.5427713856928467,3.5092546273136573,0.7328345014994138
3.4492246123061534,1.5832916458229116,1.3063826255977478
3.5992996498249124,4.794897448724361,0.4493669100065142
-2.7038519259629816,3.7593796898449217,-2.3331771967980677
4.779889944972487,4.714857428714357,4.110407475692545
0.9029514757378685,3.8544272136068027,-0.9203210442708579
3.5692846423211595,-3.219109554777389,-3.476032099176688
0.3326663331665829,4.974987493746873,-4.426922567449404
1.1230615307653826,0.7428714357178592,4.344877299352405
1.5082541270635312,-4.729864932466233,12.003569661193694
-4.874937468734367,-1.8534267133566784,40.207785090633024
-0.8129064532266135,-2.2386193096548275,18.006951012187375
0.11255627813906965,2.908954477238619,-1.5193311853523672
-0.5127563781890947,0.7378689344672331,9.614803552024249
4.789894947473737,-4.834917458729365,-15.305173961637106
2.058529264632316,4.099549774887443,-1.419337840437682
0.7928964482241119,-4.904952476238119,16.88517364536892
2.853926963481741,1.1180590295147574,-0.046345897084225096
3.3841920960480234,0.6478239119559781,0.8576728796694901
2.7738869434717355,-2.3836918459229617,3.2166019401285837
1.7033516758379186,-2.098549274637319,8.593903535107025
-3.2591295647823912,0.9979989994997496,12.926621437707217
-0.427713856928464,-0.6278139069534765,14.430170259884916
2.8639319659829914,3.8244122061030517,0.2841425628895066
-3.6593296648324163,4.074537268634318,-8.236486267966786
-1.643321660830415,-1.5082541270635317,20.28315113862839
-3.224112056028014,1.288144072036018,12.005123187542756
-3.124062031015508,3.3241620810405195,-3.9747279756079017
2.703851925962981,-1.8084042021010505,3.3190264984597837
4.474737368684341,-1.8384192096048024,-7.8583988973186285
0.8979489744872433,0.8329164582291142,3.7770789335842707
-1.4482241120560282,3.9144572286143067,-3.1689775012389756
0.32266133066533254,1.2481240620310157,3.4098987350544423
4.0295147573786885,3.5692846423211595,0.5606627066566794
-4.619809904952477,-2.0335167583791898,40.325104467744225
-2.213606803401701,2.428714357178589,2.3141754533605
2.0685342671335665,-2.998999499749875,7.216967163153225
4.469734867433717,4.844922461230615,3.4846499490621303
-3.0390195097548776,4.559779889944972,-7.986629217855117
3.434217108554277,-0.2176088044022011,-0.02606576173299402
1.8784392196098043,2.6788394197098544,1.0246673218045568
-2.933966983491746,0.307653826913457,16.881825543245924
-3.6893446723361683,-3.159079539769885,39.20521060802182
3.804402201100549,-2.9389694847423713,-2.8227503318996234
-0.8829414707353678,-1.5782891445722864,19.497845731767434
-3.6743371685842923,-2.8289144572286142,40.58673982436196
-3.7943971985992997,4.409704852426213,-9.474521649772107
2.0985492746373184,2.423711855927964,0.8072104684796066
-0.9979989994997496,-0.5727863931965986,12.763580386200932
0.7478739369684844,-1.2281140570285145,7.598088720443673
1.8234117058529264,-3.0090045022511256,7.944098242224567
-4.174587293646823,4.214607303651826,-10.680717376471417
1.5782891445722855,-0.21260630315157591,3.1652008444544073
-0.5177588794397199,-3.219109554777389,23.740149306755246
-2.998999499749875,-3.254127063531766,38.48813092259937
1.6083041520760375,-3.404202101050525,7.094636454815056
2.0335167583791893,3.5942971485742863,0.8572759428508783
3.584292146073036,1.348174087043522,0.8194242674880278
-1.378189094547274,-1.2381190595297649,18.76040351812201
1.038019009504752,-4.879939969984992,17.30138149029004
-2.858929464732366,4.75487743871936,-8.494295149733286
-4.0645322661330665,1.7733866933466729,7.107585145712824
2.603801900950475,-0.6078039019509758,1.72871980849054
-1.3081540770385192,2.2136068034017002,3.272622248948455
1.4982491245622809,-3.609304652326163,10.29740942986397
3.589294647323662,1.0530265132566283,0.7241293315892017
2.478739369684842,2.7388694347173583,2.016426722994468
2.6188094047023514,-3.3441720860430215,1.1011888599047033
2.793896948474237,0.3776888444222113,-1.3426913598457866
3.9444722361180595,1.5882941470735368,-1.0662835384859468
2.0085042521260625,-4.714857428714357,5.655150111499934
2.3136568284142065,-2.9439719859929965,2.568560163226022
1.4782391195597793,-2.468734367183592,7.18517743050661
4.7348674337168575,1.3731865932966478,-4.69440674503262
1.80840420210105,2.0685342671335665,-0.6646159632942865
3.4542271135567777,-2.498749374687344,-3.2861754404958234
0.13256628314157037,-1.7583791895947973,13.093545598519084
4.76488244122061,2.2836418209104554,-3.198100501263032
2.0685342671335665,0.05252626313156572,4.6929988270771466
2.823911955977989,-2.868934467233617,2.9832646895783013
1.3431715857928959,-4.089544772386193,12.702580525135188
1.7733866933466729,4.9549774887443725,-4.097202074527352
-2.483741870935468,-1.0830415207603803,24.389470023645725
-0.23261630815407752,-0.7728864432216112,14.148717680341823
-4.484742371185593,4.164582291145573,-10.686274650358289
4.499749874937468,4.539769884942471,2.8422505335110477
-2.138569284642321,4.604802401200599,-7.165392522618058
3.6293146573286634,-0.1025512756378193,0.04501545782262317
-0.7778889444722363,3.7893946973486745,-1.2925840059176403
-4.914957478739369,1.0180090045022512,17.67317914899659
-4.639819909954977,-4.979989994997498,62.597527988770715
-3.034017008504252,0.5027513756878434,14.05214155062847
-0.767883941970986,2.1685842921460727,4.41006688129
-1.9534767383691847,2.728864432216108,3.2616512393972816
-1.6683341670835419,-2.853926963481741,29.154623964189973
-1.5832916458229116,-1.7583791895947973,23.14989322852012
-2.423711855927964,2.9939969984992496,0.38882321580878293
0.1975987993996995,2.9339669834917457,-1.3962767568471985
-1.1380690345172586,-1.5332666333166585,18.448289403174538
0.1025512756378184,-2.3186593296648326,14.441019656469564
4.814907453726864,2.888944472236118,-1.7749090130659264
1.6183091545772887,4.76488244122061,-4.375892112134379
-1.5232616308154077,-1.1930965482741374,18.172011788563076
0.022511255627813753,3.009004502251125,-1.4616355473273683
-3.349174587293647,-0.33766883441720896,22.083563513333093
2.2186093046523263,-3.7893946973486745,7.237325369558909
4.159579789894947,-4.734867433716858,-10.937988083457958
4.784892446223111,-1.028014007003502,-5.7481079565206485
1.228114057028514,2.3986993496748372,-0.8600828200916504
-2.433716858429215,4.0945472736368185,-7.090390660657044
-2.3136568284142074,2.4437218609304647,2.1751409022877315
-0.11255627813906965,-1.2431215607803905,14.037997681888992
2.178589294647323,3.4492246123061534,1.317380674963013
4.009504752376188,4.784892446223111,1.816777685230983
2.573786893446723,1.5482741370685345,-0.07660661270107794
0.2626313156578286,-2.2386193096548275,12.400207094012197
-2.9589794897448725,-3.319159579789895,38.895202821445125
3.2691345672836416,3.369184592296147,0.9891219643877472
1.688344172086043,-4.929964982491246,12.352014736285101
-3.7643821910955477,-3.129064532266133,39.59825399204566
1.4582291145572785,1.743371685842921,0.8965751410175216
-4.134567283641821,4.569784892446222,-9.205729187036162
-0.24762381190595306,0.9179589794897449,7.764077761488012
2.3686843421710853,-4.119559779889945,5.751022364096553
-4.014507253626814,2.298649324662331,6.67318154983934
2.0485242621310658,-1.8334167083541772,2.7476925722747083
1.56328164082041,1.9184592296148075,-0.3181075460411673
-2.9789894947473736,-3.219109554777389,37.416677114294664
2.723861930965483,3.6343171585792895,0.7246559444999308
1.6933466733366682,2.3386693346673333,-0.4097483050757146
-0.07753876938469251,0.5477738869434718,9.543151983900728
0.11755877938969483,4.7998999499749875,-5.260146452213493
-1.9834917458729366,1.31815907953977,7.716710872612002
4.004502251125562,-3.859429714857429,-6.9610680748397264
1.0330165082541267,-0.8029014507253631,9.467497439427909
-4.899949974987494,-4.439719859929965,58.21083278901861
-2.43871935967984,0.5927963981990994,13.198296436822629
-0.4677338669334672,-1.1330665332666334,12.714871360701892
-0.07253626813406733,3.9794897448724367,-2.8426544434116754
-2.9939969984992496,2.638819409704852,1.9745738827153867
0.38769384692346165,3.254127063531765,0.20115596415698545
4.604802401200599,-1.5332666333166585,-6.867979773475476
2.20360180090045,4.714857428714357,-3.284114834625468
-0.6628314157078536,2.948974487243621,-1.7777252629933573
2.9039519759879937,3.7593796898449217,0.44843259397017854
-3.9394697348674335,-2.3386693346673337,37.16784336515625
-3.0190095047523764,-4.4647323661830915,45.475743554496745
4.324662331165582,-0.45272636318159076,-6.558051016105442
0.32266133066533254,3.64432216108054,0.20623891464994903
-4.75487743871936,4.98999499749875,-16.806371680372045
2.2586293146573286,0.29264632316158057,2.3508219254103775
-4.184592296148074,-1.5782891445722864,34.88255591308657
1.9184592296148075,3.9144572286143067,-0.6347801053253441
-3.649324662331166,-0.04752376188094054,19.384864879930713
2.6538269134567285,-2.1235617808904452,3.6239189567738848
0.8129064532266135,0.2626313156578286,4.768520076114777
-0.5227613806903451,1.593296648324162,2.9677066090962696
-2.433716858429215,-1.8584292146073036,26.38405479508298
2.538769384692346,-2.2236118059029515,3.058597615949312
1.2681340670335164,2.7188594297148576,-0.2144893995406731
4.4897448724362174,2.3386693346673333,-2.438782012807325
-0.6578289144572285,4.629814907453726,-6.37463509936658
-0.7778889444722363,4.774887443721861,-5.6417126232475745
-0.012506253126563394,-0.2376188094047027,7.828652799569394
0.2676338169084538,-0.5577788894447222,7.792264048432819
1.1530765382691346,-4.76488244122061,13.983494155655
3.7243621810905445,-2.443721860930465,-1.9852416327712001
-3.564282141070535,4.384692346173086,-9.54872004899284
-3.929464732366183,-4.019509754877439,50.017208946202075
-1.6683341670835419,-1.2231115557778889,17.771645498867343
4.559779889944972,3.0490245122561284,-0.9386291501569741
0.8329164582291142,3.159079539769884,0.575851062363517
2.2236118059029515,-2.1435717858929464,2.0001624148357147
-3.2291145572786393,-1.1380690345172586,24.7219019176521
1.1680840420210101,-2.6988494247123564,10.681268112374585
3.284142071035518,-1.1630815407703854,-2.235841506621692
-0.1025512756378193,1.533266633316658,3.269656958397059
0.6678339169584788,-3.2641320660330164,13.00881454140514
4.349674837418709,4.919959979989995,3.2236563462089194
-3.839419709854927,-1.8984492246123064,35.04844135373867
-4.324662331165583,1.9284642321160579,5.849788390729191
-1.043021510755378,4.524762381190595,-7.115070607664721
-4.654827413706854,-1.0380190095047523,30.17014705730149
-0.08254127063531769,-2.6088044022011005,19.21303338284957
-2.473736868434217,-3.624312156078039,34.683571750974004
-2.2086043021510755,1.8484242121060532,7.4214981645510285
-0.2626313156578295,0.6478239119559781,9.651246875139401
0.027513756878438933,-0.2176088044022011,7.833015474600169
-2.9289644822411205,-3.909454727363682,38.99595248855267
2.7538769384692348,-1.5432716358179093,2.287446708380932
1.9584792396198099,-4.969984992496248,7.277533964326416
4.039519759879939,0.41270635317658844,-2.972132012872769
-4.669834917458729,-3.80440220110055,50.20269975146755
0.03751875937968929,3.1790895447723866,-0.7525899921108886
-1.9234617308654327,-0.7178589294647324,18.949561311849383
-0.04252126063031536,3.6893446723361674,-0.19573172461732735
3.7593796898449217,0.4727363681840915,-0.4182677535137702
-3.349174587293647,-1.108054027013507,25.765831744904613
-3.5392696348174084,-4.789894947473737,50.35694077055691
-4.59479739869935,3.219109554777388,-0.8332428900859249
0.34267133566783414,0.5977988994497245,6.137257756311177
-4.34967483741871,0.15257628814407198,22.229500762122488
-3.0390195097548776,-1.2181090545272637,23.824896854053353
-2.183591795897949,-0.26763381690845467,18.84014786020546
-4.354677338669335,3.9644822411205602,-6.508648310964143
-0.3526763381690845,4.869934967483742,-5.0669654463479805
-2.293646823411706,4.964982491245623,-9.985147653756119
4.049524762381191,0.982991495747874,-2.41462294510074
-3.0290145072536268,-2.2386193096548275,31.322556671391645
1.8534267133566784,4.69984992496248,-3.944309748560544
1.3581790895447723,-4.664832416208104,11.017893297968856
2.053526763381691,4.264632316158078,-2.18218390740743
4.694847423711856,2.243621810905452,-3.1604293057225634
-3.349174587293647,-0.27763881940970503,20.85267386661309
-1.3881940970485243,3.2041020510255134,-2.718592980651701
0.5777888944472238,-4.109554777388694,18.217596110311593
-0.8079039519759883,3.074037018509255,-2.2144753238401274
-1.703351675837919,0.8329164582291142,8.776693681785765
-0.6578289144572285,-3.7443721860930466,22.67293461787149
-1.5082541270635317,-2.728864432216108,24.641117069641503
3.16408204102051,0.0575287643821909,-0.7895706576080445
-3.8894447223611808,-3.8194097048524265,45.16380122553157
2.908954477238619,2.183591795897949,1.907783640498854
-3.499249624812406,-4.929964982491246,49.86174974562356
-2.7838919459729867,2.5637818909454726,1.8969996749125686
-1.4732366183091545,-3.7643821910955477,28.265868866738877
3.5142571285642816,-3.0540270135067535,-3.6753548572029207
-1.2431215607803905,-0.08754377188594287,14.162619230887017
-4.959979989994998,-3.9744872436218106,56.958973634880785
2.978989494747373,-0.4377188594297152,-1.894944631929909
3.5392696348174084,2.548774387193596,0.9964809898060933
-2.2186093046523263,4.079539769884942,-6.583102633050329
-4.724862431215608,-4.19959979989995,56.92904074348993
-1.8934467233616807,3.6343171585792895,-1.4358401147996211
2.998999499749875,0.2826413206603302,-1.0924678621000268
-3.7893946973486745,-4.429714857428714,51.05542064902902
-0.21260630315157591,4.384692346173086,-6.4459957055167685
-3.194097048524262,-3.5392696348174084,39.02744016066649
4.159579789894947,1.5682841420710352,-2.4169620242980248
-3.529264632316158,-4.634817408704352,51.4876908870816
-4.169584792396198,3.5442721360680345,-5.000785947007399
1.8484242121060532,2.153576788394197,-0.5026622587895294
3.1440720360180094,-4.8299149574787394,0.7848272105188234
1.378189094547274,2.91895947973987,0.7364216830217931
-1.1980990495247625,-3.0890445222611307,24.06043709426569
-3.8544272136068036,0.4427213606803404,18.18423072730144
-2.8639319659829914,1.9684842421210602,8.011611998130135
-0.48274137068534273,-4.729864932466233,28.90260363879799
2.108554277138569,4.629814907453726,-3.3105650997978966
4.879939969984992,0.702851425712856,-4.794489137643706
2.9289644822411205,-3.3391695847923963,2.450263557280192
1.1480740370185094,0.49774887443721827,3.565885070892326
-2.358679339669835,4.959979989994997,-10.146851614230734
-2.153576788394197,4.849924962481241,-7.795800579457963
-3.8894447223611808,0.6878439219609804,17.610607652383955
-4.0645322661330665,2.2786393196598294,7.03130236865333
-1.7583791895947973,-4.284642321160581,33.563327800089645
-0.38769384692346165,1.438219109554777,3.350432842615332
-3.6743371685842923,4.594797398699349,-8.66599509846699
1.9284642321160579,1.2831415707853928,0.6211729165825366
-4.689844922461231,2.75887943971986,-0.10170303765565758
-0.22761380690345145,-0.7478739369684844,13.976683648675175
-1.673336668334167,-3.3641820910455227,28.128289858495982
-2.0785392696348173,0.012506253126563394,13.61218180619132
0.022511255627813753,-0.9379689844922465,13.147597025647457
4.539769884942471,-4.9249624812406205,-10.213641197669354
4.684842421210606,0.7828914457228615,-5.348681999833035
-0.09254627313656805,-1.2631315657828917,14.056633429693854
3.0490245122561284,-3.1990995497748873,0.7635126908067414
1.0480240120060031,3.859429714857429,-0.8712793212711267
-0.45272636318159076,-3.9694847423711854,22.462380225297082
-3.8194097048524265,-2.6438219109554777,40.47444100790299
-2.7988994497248627,4.419709854927463,-8.800877863994403
-3.3591795897948975,2.483741870935468,1.3094369945630153
3.684342171085543,-3.574287143571786,-3.13474632087059
-4.879939969984992,-1.1830915457728866,34.74342389345364
-0.22261130565282627,0.07753876938469251,7.908728322324253
-1.9884942471235618,-1.4782391195597802,24.307243002397346
3.1340670335167573,-1.013006503251626,-2.4016076569102145
0.5877938969484742,-1.9434717358679339,13.905104204506026
0.7778889444722363,3.6393196598299156,0.41468153228923965
-0.5877938969484742,-2.2086043021510755,18.271529307022043
-0.7828914457228615,-2.1435717858929464,17.666440493735077
-4.854927463731866,2.488744372186093,5.472270957981638
2.6838419209604805,0.22261130565282627,-1.055070304242017
-4.694847423711856,0.6478239119559781,16.56798297553557
0.9729864932466228,0.2826413206603302,3.573768670713572
3.5792896448224116,2.6438219109554773,0.8738734908025786
-3.209104552276138,3.159079539769884,-1.4259606706365293
-1.2381190595297649,1.3681840920460226,8.793612283023085
1.198099049524762,-1.7933966983491745,7.635560864594518
4.404702351175587,-1.8934467233616807,-8.246598047727462
-0.4877438719359679,-0.29764882441220664,12.348147620377015
0.7078539269634812,-0.9329664832416213,8.000274794009615
1.008004002001,1.4482241120560282,5.043327673729343
-1.9034517258629315,4.384692346173086,-8.319177637022205
4.154577288644322,-1.6783391695847927,-6.940100958419593
-0.31765882941470736,-1.0380190095047523,13.869651350677293
-0.2876438219109554,-4.024512256128064,23.395479431501602
3.40920460230115,-3.1840920460230118,-4.315448927132112
-4.394697348674337,4.129564782391196,-10.123871584325272
3.374187093546773,-1.1380690345172586,-1.6960321828424085
-0.3326663331665838,2.3386693346673333,3.788883153021543
-2.3336668334167086,-1.1330665332666334,23.822445722814162
2.538769384692346,3.4142071035517763,1.3193803510136943
