-2.168584292146073,4.599799899949975,38.29353765217084
0.827913956978489,2.878939469734867,1.167550241789887
3.679339669834917,-2.3836918459229617,138.68047605086588
-0.5977988994497254,4.7998999499749875,7.060960024786921
3.319159579789895,-2.168584292146073,89.32370839465035
-3.189094547273637,4.859929964982491,142.8191454846879
-4.089544772386193,3.1490745372686337,349.9091144326926
-3.929464732366183,-0.4677338669334672,299.6657831452692
2.4637318659329663,2.8639319659829914,23.126924021549545
-4.579789894947473,3.3841920960480234,538.3294985783602
-0.4477238619309656,-0.16258129064532323,0.30572972824834455
-0.4027013506753381,-4.6048024012006,15.298508985813164
-4.299649824912456,-0.6278139069534765,422.08121454778836
-4.534767383691846,-0.7778889444722363,517.216758496585
-4.814907453726863,4.244622311155577,653.8563591525972
-3.769384692346173,3.5992996498249124,258.30926017412503
-2.418709354677339,4.064532266133066,52.56981634071903
4.979989994997499,-4.854927463731866,508.1897376493373
-3.684342171085543,0.2826413206603302,234.03366950667873
-4.399699849924962,4.469734867433717,465.39343702636467
-0.23261630815407752,-2.3836918459229617,5.240200132825694
-2.9739869934967484,4.139569784892446,108.95909558594421
3.9344672336168074,-3.014007003501751,186.28184929923722
-2.998999499749875,2.3386693346673333,108.2610133100512
4.084542271135568,-3.6593296648324163,220.54896503125372
-1.1680840420210106,-3.129064532266133,11.47998740378496
-0.29264632316158057,3.529264632316158,2.730987098617379
3.559279639819909,1.1280640320160078,114.90773885237226
-3.6393196598299147,-1.273136568284142,225.70577096640991
0.5877938969484742,-1.1330665332666334,1.6912740481462205
3.279139569784892,-2.098549274637319,84.66248351371038
-2.773886943471736,0.7778889444722363,80.0727396087374
3.0840420210105055,2.358679339669835,61.55482565441127
-0.2826413206603302,-3.0040020010005004,7.544976920930216
-1.413206603301651,-3.3641820910455227,15.834052053512954
2.938969484742371,-4.719859929964983,65.0800529776416
4.264632316158078,2.5587793896948474,253.92384872239734
-2.2736368184092046,-2.003501750875438,42.48685343019649
3.439219609804903,-1.9134567283641823,102.97129024215243
4.964982491245623,-4.099549774887444,497.7849888872505
-3.4192096048024014,3.769384692346172,179.9880540881654
3.2741370685342677,-2.858929464732366,86.76483832866111
-0.022511255627813753,-0.23261630815407752,0.25968314609401355
-1.31815907953977,1.2981490745372684,4.85386191435982
-2.7988994497248627,4.534767383691845,89.04243530064699
-4.244622311155577,-3.189094547273637,409.35459779837896
2.3086543271635813,-4.184592296148074,29.042809032574148
-0.29764882441220664,3.71935967983992,3.2316777215920833
-0.7028514257128569,-3.609304652326163,10.714089507386733
2.388694347173587,-3.7893946973486745,29.89643976905841
4.36968484242121,-4.269634817408704,294.53552388802535
-2.04352176088044,3.5792896448224116,28.798894840778665
-3.7593796898449225,1.8834417208604304,252.7611760420679
3.794397198599299,-4.939969984992496,169.79854678533823
-3.6043021510755375,0.8529264632316158,215.10020792843892
-3.859429714857429,3.379189594797399,281.68415550319247
-3.3391695847923963,0.3526763381690845,161.26512694074907
-0.3776888444222113,-4.704852426213106,15.846896184907838
0.9579789894947472,0.3126563281640822,-0.3007225327296591
-0.3726863431715861,3.6293146573286634,3.0277039460853814
-0.11255627813906965,-1.4732366183091545,2.560036152503605
-0.9929964982491244,2.5287643821910955,2.6199754820336354
0.6978489244622308,-2.3686843421710857,5.0713317728883105
4.0295147573786885,2.7538769384692348,199.2506722709598
-4.329664832416208,-2.0935467733866933,436.8613267675845
0.24762381190595306,-2.9539769884942473,7.305543168963458
1.6133066533266636,4.114557278639319,6.925537213946127
1.6933466733366682,-2.27863931965983,8.241311179619327
1.1780890445222614,0.8679339669834913,-0.20009256719886126
-2.5887943971985994,-3.2641320660330164,70.85601913889376
3.714357178589294,-4.244622311155577,152.35010319367157
-3.5692846423211604,2.0485242621310658,207.82397062067548
2.3836918459229617,-0.5977988994497254,19.517349199668473
0.5577788894447222,-1.4932466233116561,2.5313986739296093
-4.709854927463732,3.009004502251125,598.0691687019214
1.3631815907953975,1.1830915457728866,0.4367551915766841
-0.45272636318159076,2.668834417208604,1.027304553629485
-1.368184092046023,4.719859929964983,12.483934013636034
-4.959979989994998,1.5482741370685345,726.9017172570535
0.41270635317658844,2.1885942971485743,0.1650944870985973
0.4427213606803404,-4.0945472736368185,12.428848463222241
-2.9539769884942473,-0.4677338669334672,102.49619342531331
0.3726863431715852,3.1790895447723866,1.8417431629830734
-1.9334667333666835,2.333666833416708,21.59203905126222
2.9539769884942473,4.7998999499749875,57.08600335717736
-1.1130565282641323,-3.8094047023511757,13.979007192017972
-3.654327163581791,1.1380690345172582,226.64198181352918
3.894447223611806,-1.593296648324162,173.82597697007543
-3.864432216108054,-4.154577288644322,293.5151000395249
-1.8484242121060532,4.099549774887443,22.292711798202266
-2.163581790895448,-1.5382691345672836,34.76188558241759
-2.5237618809404703,0.9979989994997496,56.14371094417199
0.24262131065532788,4.259629814907454,4.8017764373529825
-2.3036518259129566,-1.2331165582791397,42.38070211568763
2.3736868434217104,-4.98999499749875,35.812086449835505
0.2876438219109554,-2.5087543771885943,5.638725023534638
-1.7433716858429213,-2.808904452226113,21.29020131797759
3.0540270135067527,-0.6228114057028513,59.32604106660695
-2.7388694347173588,-3.4242121060530266,86.10328607175552
1.8184092046023013,2.393696848424212,5.392104844001298
-1.1330665332666334,1.2681340670335164,2.6388683670412707
2.6238119059529765,-1.0630315157578791,30.959518681527705
0.18259129564782395,-0.23261630815407752,0.2546954919052488
-2.3236618309154577,-0.24262131065532788,41.972010395735985
3.584292146073036,4.319659829914958,124.0113991367976
4.949974987493746,-2.5787893946973486,484.9787019003854
1.378189094547274,-4.729864932466233,16.905676605557836
1.9734867433716854,0.6178089044522261,7.0552930653493915
-4.9249624812406205,1.6683341670835414,707.4969748409833
2.0735367683841917,-4.664832416208104,25.116049206754738
4.974987493746873,1.2331165582791392,488.9810190162656
-0.9679839919959985,2.5337668834417206,2.461170557929676
-4.534767383691846,2.113556778389194,516.2563182964949
3.2591295647823912,1.5182591295647825,77.8413665186626
-3.71935967983992,4.984992496248124,250.26184897612714
0.10755377688844447,3.2291145572786384,1.9833655068925502
0.9029514757378685,-2.4137068534267136,5.255250540910652
-2.7688844422211107,1.0980490245122558,79.5116831814927
3.494247123561781,-4.2196098049024515,119.53654570563025
2.358679339669835,-3.7543771885942974,28.630915562284116
0.0575287643821909,-4.729864932466233,15.915496630507668
2.9839919959979984,-2.343671835917959,57.80490881965472
-3.769384692346173,-2.488744372186093,261.0167494865651
2.763881940970485,-3.609304652326163,47.36441445156366
-4.3396698349174585,-2.378689344672336,441.60750000478606
3.859429714857429,-0.7128564282141072,165.34688510225172
-4.019509754877439,0.08754377188594287,325.8884881516975
4.8899449724862425,-2.7038519259629816,461.1958273090464
2.2536268134067035,-3.7293646823411706,25.03220199628584
1.3281640820410203,-0.09754877438719411,0.8711648359111901
-2.2486243121560783,1.5232616308154077,36.57292981428727
-4.439719859929965,3.2991495747873927,478.18281513275156
-3.6993496748374186,-0.7928964482241119,239.01790572973718
0.887943971985993,0.2876438219109554,-0.3247241510101669
-0.6828414207103553,-1.4932466233116561,3.143939430813474
3.1140570285142566,-2.428714357178589,69.21855632829623
2.453726863431716,-1.593296648324162,24.338992986349794
-3.6643321660830415,4.579789894947474,235.402842816159
1.0230115057528764,1.5582791395697848,-0.31952527100901085
0.3276638319159577,-0.4477238619309656,0.5242999657197019
0.45272636318159076,-5.0,17.449217756551704
-4.469734867433717,2.458729364682341,489.0043292366871
-3.404202101050525,-2.5137568784392195,179.41861601009342
-0.5377688844422215,3.1090545272636323,1.963209736457137
1.258129064532266,-4.474737368684342,15.000433067300996
-4.7398699349674835,-4.964982491245623,628.5158117506671
-2.1285642821410704,-1.2931465732866436,32.30135054757908
3.09904952476238,-0.47773886943471755,63.067139531793664
1.9534767383691847,-1.0680340170085043,8.746176380382957
4.794897448724361,4.009504752376188,422.3768642534584
-3.6443221610805403,-4.779889944972486,240.99130526254513
-4.694847423711856,-0.4927463731865931,589.9278513685828
-3.124062031015508,-2.6138069034517257,131.77289199300043
4.409704852426213,-2.293646823411706,297.30250184923625
-2.3086543271635818,-3.3991995997999,49.88901217774533
4.049524762381191,4.399699849924962,207.78798514361608
-4.154577288644322,4.51975987993997,375.32977775427395
-1.2281140570285145,0.38769384692346165,3.8146405081712587
-2.903951975987994,-3.209104552276138,103.96155263524068
3.47423711855928,-4.274637318659329,117.16844403643488
4.324662331165582,-4.419709854927464,283.09489410405445
-4.899949974987494,3.064032016008003,695.7320696064114
4.74487243621811,-2.883941970985493,407.0891655234178
3.014007003501751,-0.6878439219609804,56.06783493052582
3.379189594797399,4.364682341170585,96.96562704418946
-2.5937968984492246,-3.3791895947973987,71.8022071019309
-0.05252626313156572,1.5532766383191596,-0.3467899482212997
2.2836418209104554,-2.053526763381691,19.44920840360284
-0.26763381690845467,-2.1285642821410704,4.418257821622083
0.07253626813406733,-0.38269134567283647,0.45556371187452843
-3.3841920960480243,0.1275637818909452,169.80452256425306
2.5537768884442222,-2.9489744872436217,33.17560527766236
1.198099049524762,2.44872436218109,0.8900920616744639
-2.3486743371685845,2.11855927963982,43.51075921216929
-1.9284642321160583,-3.179089544772386,29.235073422344495
2.848924462231115,-1.3881940970485243,45.10428037848177
-4.344672336168084,2.423711855927964,438.8343697168536
-0.18759379689844913,-4.664832416208104,15.553003283258214
1.8834417208604304,2.723861930965483,6.888329165669295
-1.1230615307653826,1.6683341670835414,2.73061090844989
-4.689844922461231,2.3236618309154577,587.2919424846591
4.949974987493746,3.064032016008003,480.70494921613925
1.5232616308154077,-2.1785892946473235,6.40116411877953
-4.129564782391196,2.7688844422211103,362.3024264230161
-1.653326663331666,-2.773886943471736,18.61242408828095
1.503251625812906,-1.1980990495247625,3.625363519641926
-0.9079539769884946,-1.288144072036018,3.5459042160351975
-3.464232116058029,3.3491745872936463,187.854928724328
2.388694347173587,0.7778889444722363,18.45195564605644
-1.5832916458229116,-2.483741870935468,15.821352486738657
-1.5482741370685345,3.7843921960980484,12.834211202531284
-1.8234117058529264,-1.763381690845423,20.43516976566721
0.9729864932466228,2.5987993996998497,0.7531968369713318
-3.8194097048524265,-1.7383691845922962,271.77301247079794
-4.414707353676839,-0.39269634817408683,466.3569701187022
1.0480240120060031,-1.6683341670835419,3.1152841360143664
2.1335667833916956,-2.84392196098049,17.897323398771075
1.2381190595297644,0.4227113556778388,0.11857171878661599
1.3981990995497746,-4.069534767383692,13.438538482217483
0.6378189094547269,1.6933466733366682,-0.3536114091406073
2.5937968984492246,-1.9234617308654327,31.585868606414472
0.9129564782391197,-3.7243621810905454,10.593564140594694
0.47773886943471755,-1.4032016008004002,2.3307434635839175
0.7928964482241119,-1.4382191095547774,2.3692188354763797
4.004502251125562,-2.9589794897448725,200.274931605842
-0.8729364682341174,-4.699849924962481,16.99000950346271
1.4882441220610305,-1.8784392196098052,5.252089696149566
2.8089044522261126,2.7188594297148576,41.066359239411014
2.8389194597298646,-4.6448224112056025,57.506796810226746
-1.7833916958479241,0.6928464232116056,15.334714695234673
0.6828414207103553,-3.179089544772386,8.13141455601837
-4.709854927463732,4.379689844922462,601.7622708808248
3.804402201100549,-4.289644822411206,167.90875745305658
-3.429214607303652,4.349674837418709,183.72219573843648
1.8034017008504248,2.2286143071535767,4.966799612052616
-0.6578289144572285,-2.788894447223612,7.149791653098635
1.0180090045022512,1.2831415707853928,-0.440915820758372
1.1080540270135062,3.799399699849925,3.5653215167466232
-3.014007003501751,4.504752376188094,115.54498620325612
0.2626313156578286,-3.2791395697848924,8.642160258547717
2.888944472236118,3.95447723861931,49.409055570535244
-2.933966983491746,-3.219109554777389,107.75696407590107
1.4282141070535266,2.6538269134567285,2.115072797406614
-1.2831415707853928,-0.5377688844422215,5.505803094940142
-4.009504752376188,4.414707353676839,328.22932923772487
2.8089044522261126,-2.003501750875438,44.099631753607085
-0.07753876938469251,-4.269634817408704,13.385027885002824
0.20760380190095074,2.9289644822411205,1.3533619533132617
4.759879939969984,3.249124562281141,407.5023109969721
-2.9839919959979992,1.4632316158079037,105.46230210249126
-0.9179589794897449,-3.189094547273637,9.757830304159137
4.7348674337168575,-0.3326663331665838,396.84734924340506
0.6478239119559781,1.038019009504752,-0.5950255148584515
3.3041520760380187,-4.389694847423712,97.14166622083754
-1.0880440220110055,3.959479739869934,6.5688066335146615
-0.8379189594797403,-2.403701850925463,6.373858803001676
3.8144072036018013,-0.9929964982491244,157.6813656527365
-2.428714357178589,3.64432216108054,52.116476388939994
4.45472736368184,-3.4092046023011506,314.6262641320078
-2.868934467233617,3.9744872436218106,95.28319123717989
2.998999499749875,-2.433716858429215,59.31421024568861
-3.219109554777389,-2.0635317658829417,144.93602499913462
-0.4377188594297152,-0.1275637818909452,0.25627572848446684
-0.6078039019509758,-3.249124562281141,8.888543345398716
-1.718359179589795,-1.9034517258629315,17.50769664223962
1.043021510755377,-0.5777888944472238,0.793525264425636
1.7983991995997997,2.8989494747373685,5.9468568148993475
2.673836918459229,-4.724862431215608,47.88466057145496
0.4727363681840915,-2.0135067533766886,3.984907671569932
3.529264632316158,-3.174087043521761,119.3966914560137
3.804402201100549,3.529264632316158,157.11717606956842
-3.7343671835917958,-2.6088044022011005,252.56626744700372
-4.144572286143072,-3.404202101050525,375.45760302790103
0.49774887443721827,0.5177588794397199,-0.44565898081173505
0.397698849424712,1.043021510755377,-0.5369603952309719
-1.763381690845423,-2.1935967983991995,19.751875510095857
2.078539269634817,-3.064032016008004,17.44342430007102
-3.509254627313657,4.75487743871936,201.42153476757292
3.2141070535267637,1.0180090045022512,73.0157829893637
4.234617308654327,-2.3636818409204605,250.77813023134937
-3.6443221610805403,0.672836418209104,224.3412593791732
-2.808904452226113,-3.2991495747873936,93.15466280754661
-0.9929964982491244,-0.5877938969484742,2.711959943498986
1.4482241120560282,0.22761380690345145,1.1597428524183266
-1.31815907953977,-3.509254627313657,14.976104126010918
-4.869934967483742,3.8794397198599295,681.6035633532467
2.5887943971985994,1.5832916458229116,27.23526581401885
3.684342171085543,3.5042521260630313,136.88670614847052
-4.909954977488744,3.8244122061030517,703.0353354689651
1.8284142071035516,0.3776888444222113,4.757374436612928
-4.794897448724362,3.1740870435217605,640.6910049461815
3.7543771885942974,-4.669834917458729,161.33309805430724
3.6693346673336666,-0.8429214607303654,133.0739468868149
4.7998999499749875,4.4297148574287135,425.59372976951886
0.06253126563281608,2.143571785892946,0.15364899688756273
4.724862431215607,1.3231615807903951,392.44833867149737
4.814907453726864,2.2886443221610806,426.17166096037226
0.08754377188594287,-4.894947473736869,16.874590666841893
-2.1085542771385692,4.68984492246123,35.449038628730406
-0.6278139069534765,-4.884942471235618,17.21908144613466
-2.3236618309154577,-2.5937968984492246,47.65764460854024
1.963481740870435,-2.6188094047023514,13.341190947160626
0.20260130065032467,-3.7893946973486745,10.962519429528456
2.1285642821410704,-2.728864432216108,17.33616683402589
3.8794397198599295,3.8844422211105556,171.77831331127328
2.5287643821910955,0.45272636318159076,24.370732506874923
-1.3881940970485243,2.0035017508754374,6.392321235326279
2.263631815907954,2.3186593296648326,15.026189320619252
-1.9034517258629315,-2.183591795897949,24.591138435441483
-3.6943471735867934,2.4687343671835915,237.27317485425846
-4.544772386193096,-1.8534267133566784,524.0703049728222
-3.4492246123061534,2.943971985992996,183.96764586947677
3.7493746873436713,-1.8334167083541772,148.4281634504509
1.4332166083041518,1.9784892446223106,1.2541035146395725
4.159579789894947,-1.1880940470235117,229.28719935281305
0.9029514757378685,-1.5382691345672836,2.649958400092868
1.0980490245122558,4.074537268634318,4.356199803369707
1.9484742371185595,-0.5077538769384695,7.65298337216388
-2.9789894947473736,-4.564782391195598,120.1746737465271
-2.91895947973987,3.71935967983992,100.66386897871698
0.3326663331665829,2.938969484742371,1.3552333435106307
-1.5832916458229116,3.9344672336168074,14.058672747669519
-2.7388694347173588,4.069534767383692,81.02748153617108
2.6788394197098544,4.049524762381191,36.42353359491813
4.129564782391196,2.2236118059029515,220.6411053496892
-4.244622311155577,-0.45772886443221594,401.64282795647955
4.224612306153077,0.1925962981490743,242.95569079991677
-4.584792396198099,-3.8244122061030517,549.3651941413191
-3.509254627313657,-4.869934967483742,211.60005073891526
-1.813406703351676,1.468234117058529,16.386770852556673
-2.2636318159079543,-1.623311655827914,40.79547025953811
4.424712356178089,3.8444222111055524,300.2191932314544
-1.5382691345672836,4.319659829914958,14.249276616065803
-3.1140570285142575,-1.5782891445722864,127.06051189365792
0.41270635317658844,0.07753876938469251,-0.11581635351430572
-4.664832416208104,-4.414707353676839,589.1957545612385
3.2341170585292645,4.129564782391196,79.97121326569317
3.2041020510255134,1.688344172086043,72.2390309913912
-2.3036518259129566,3.8494247123561784,43.94690792995044
-4.314657328664332,2.3486743371685836,427.2977069814123
-2.04352176088044,-4.969984992496248,43.29288771014981
-4.19959979989995,-0.002501250625313034,385.1203446576317
1.4982491245622809,-3.1840920460230118,9.929022278847384
-3.6743371685842923,1.9084542271135563,231.78931393809347
-4.824912456228114,-3.2041020510255125,662.6083051807358
-1.3431715857928967,4.479739869934967,11.232336511788498
2.303651825912956,-2.75887943971986,22.501791569065723
-1.6633316658329167,-2.403701850925463,17.548961906437626
-2.723861930965483,2.268634317158579,75.5620524109037
-3.0190095047523764,2.818909454727364,111.74335413535408
3.4792396198099045,2.3236618309154577,104.79311554112124
-4.294647323661831,3.7493746873436713,422.6709620460837
-1.4332166083041522,3.7843921960980484,10.539771558615213
1.8884442221110556,-0.5077538769384695,6.619986696979588
-0.612806403201601,-1.688344172086043,3.4847494652320172
0.6028014007003497,0.4477238619309656,-0.4344977801459997
3.2041020510255134,-0.3126563281640822,72.8636554597034
4.7348674337168575,0.7928964482241119,395.9807954062063
-3.179089544772386,0.6378189094547269,133.83897925293797
0.6828414207103553,1.8834417208604304,-0.2107455185161451
0.5877938969484742,2.8439219609804898,1.1163117295682206
-3.6593296648324163,2.818909454727364,229.46585309036956
1.0830415207603803,-1.4782391195597802,2.676329260102281
-3.099049524762381,4.009504752376188,126.03105527534274
-0.2376188094047027,4.969984992496247,7.396995055867025
4.359679839919959,-3.55927963981991,288.2886784255219
-0.6228114057028513,-4.2096048024012,13.462037727077584
2.208604302151075,0.05252626313156572,12.969659508487812
4.259629814907454,3.3591795897948966,254.21516678502581
3.619309654827413,-0.582791395697849,124.93616345205332
-3.989494747373687,1.4332166083041518,316.4121407353977
1.718359179589795,1.0230115057528764,3.14514688772484
2.858929464732366,-3.6743371685842923,53.86305525777756
-0.41270635317658844,0.5227613806903451,-0.28681567927482676
-2.5937968984492246,2.4087043521760876,63.20578032425993
-4.224612306153077,1.3581790895447723,393.49014815642533
2.053526763381691,2.233616808404202,9.384094272772314
2.9339669834917457,1.4982491245622809,48.468519733309336
1.813406703351676,-4.9849924962481245,22.260644527147537
4.43471735867934,-4.0645322661330665,311.88820651883606
4.539769884942471,1.0630315157578787,330.6914783941105
-1.9784892446223115,-1.3431715857928967,25.312545315948476
-1.1130565282641323,3.074037018509255,4.564635173592554
4.169584792396197,4.159579789894947,234.25484861544095
1.2831415707853928,3.734367183591795,3.836555714346126
1.7233616808404202,4.054527263631815,7.867480831272513
0.9079539769884937,-3.649324662331166,10.239213507076453
-0.18759379689844913,-1.1680840420210106,1.8581343380302233
-4.534767383691846,1.903451725862931,516.044426457629
4.899949974987493,2.023511755877939,458.8349502117966
-2.2086043021510755,-1.8584292146073036,38.152962512414376
4.0295147573786885,-1.2031015507753877,200.13945833482714
2.298649324662331,-1.4482241120560282,18.26974649770423
0.8229114557278638,-3.0590295147573787,7.639175608287742
-4.384692346173087,-4.724862431215608,469.80593318409643
-1.3581790895447723,3.16408204102051,7.749726437402494
-3.174087043521761,2.3386693346673333,133.87657110174473
-3.594297148574287,-3.8844422211105556,224.76334943645688
0.6578289144572285,-1.4682341170585294,2.4486846190401854
2.723861930965483,-4.324662331165583,48.51437818569062
-1.2531265632816408,2.5287643821910955,5.102302044722679
4.139569784892446,1.198099049524762,222.22759493695057
2.5637818909454726,-2.8789394697348674,33.375439128847596
3.704352176088044,-0.11755877938969483,137.59197477995556
2.018509254627314,-3.3091545772886444,17.160802848446796
-0.08754377188594287,-2.3486743371685845,5.107539571516345
0.552776388194097,2.9639819909954976,1.3530732921500324
-3.9394697348674335,0.7078539269634812,301.53341987200434
-1.7833916958479241,4.059529764882441,19.967904226468526
-0.5877938969484742,3.0590295147573787,1.9422564422820008
-2.053526763381691,3.0490245122561284,28.04177019823578
-0.6528264132066033,-2.5637818909454726,6.3101251370339995
-0.552776388194097,4.19959979989995,4.880994726301173
-1.7283641820910458,4.50975487743872,19.745852238281
-3.929464732366183,1.4932466233116557,298.7103079089016
3.254127063531765,4.0345172586293145,81.77926405186881
-4.869934967483742,3.2141070535267637,679.9091118253317
-1.383191595797899,3.3591795897948966,8.589619503611459
0.09254627313656805,-0.8129064532266135,1.1425956185985897
3.9994997498749374,-3.0590295147573787,199.63382929396076
2.0385192596298145,-4.304652326163081,22.367162811492662
-4.599799899949975,-1.1680840420210106,546.8412897374599
-0.31765882941470736,-2.138569284642321,4.46754486792
0.6228114057028513,0.9129564782391197,-0.5873347576262781
-0.24762381190595306,0.45772886443221594,-0.3340274795362522
0.5277638819409702,3.15407703851926,1.7506049689567478
-3.7893946973486745,-4.019509754877439,272.7071881981273
4.309654827413707,-4.7398699349674835,280.89025906613
0.12256128064032001,0.6878439219609804,-0.4528946787771113
-4.0345172586293145,-1.8684342171085544,334.2365802450532
-2.0135067533766886,-1.8734367183591796,28.22811161728993
-2.838919459729865,3.8194097048524256,91.30965898431663
-2.873936968484242,0.17758879439719877,91.79506839729427
-1.1730865432716358,-4.4647323661830915,17.93971127857694
-4.259629814907454,1.2081040520260125,406.03120394145964
2.0685342671335665,-1.6633316658329167,12.504173521126239
2.2536268134067035,-1.6183091545772887,17.276528261469455
4.139569784892446,-0.3476738369184593,223.11608570559653
-1.1780890445222614,1.2781390695347676,3.099992339259659
0.6378189094547269,-4.304652326163081,13.475691936879576
4.824912456228114,3.434217108554277,432.0879715892837
-4.0945472736368185,-3.4742371185592797,359.2316501698684
1.3131565782891448,-0.827913956978489,1.8797405861954837
2.268634317158579,0.8179089544772387,14.329132585463679
0.4627313656828411,0.307653826913457,-0.31356106485252505
-2.6688344172086045,3.524262131065532,72.42772529729771
-4.159579789894948,-0.39269634817408683,371.8020876118499
-3.929464732366183,-4.759879939969985,315.1767702546318
-2.91895947973987,-1.3231615807903951,99.66495030977772
0.5027513756878434,-0.1475737868934468,0.09527497514592964
4.294647323661831,2.023511755877939,260.9943066377531
-1.0180090045022512,4.67983991995998,8.399622176939742
-1.6783391695847927,1.0880440220110055,12.165947442936773
-2.9839919959979992,4.499749874937468,111.47913493111167
2.5987993996998497,4.084542271135568,32.31878888714066
-4.994997498749375,0.15257628814407198,746.986751754379
-3.869434717358679,3.074037018509255,283.7625287729229
1.3331665832916455,3.1140570285142566,2.5240504981691743
4.634817408704352,4.869934967483742,368.8814527064075
-4.35967983991996,3.959479739869934,448.0016211648882
0.04752376188094054,0.702851425712856,-0.45595359433513316
4.5547773886943475,4.0945472736368185,340.1911071338406
-0.9279639819909953,-2.328664332166083,6.580611568578917
-2.5087543771885943,-1.828414207103552,58.90221275652305
-2.1435717858929464,-2.7388694347173588,37.45217634839586
-0.0575287643821909,-0.09754877438719411,0.10250800408287654
-1.593296648324162,2.053526763381691,10.544153526946111
1.1530765382691346,-3.704352176088044,10.8001484591486
-3.3391695847923963,-3.4242121060530266,170.84243935883904
2.36368184092046,-1.4082041020510254,20.40833020612279
-3.464232116058029,2.2186093046523263,185.83812242222749
4.0295147573786885,0.7728864432216103,197.73842039714896
-0.027513756878438933,4.949974987493746,7.301172602073967
3.64432216108054,-2.2986493246623314,132.92718746918536
-1.9234617308654327,-0.32266133066533254,21.17877484848949
4.544772386193097,3.554277138569285,335.5173011006981
3.4142071035517763,4.259629814907454,100.89505203865163
0.582791395697849,-3.4242121060530266,9.204243000357604
3.7243621810905445,-0.36268134067033486,141.16942893422816
-0.022511255627813753,4.749874937468734,6.530792687858391
-1.2831415707853928,0.36768384192096004,4.523348385844724
1.8734367183591791,2.583791895947974,6.497326824846925
-1.4882441220610305,4.279639819909955,13.079938404303745
-4.119559779889945,3.2991495747873927,360.06228611545777
-0.9029514757378694,-4.8299149574787394,17.89489877009822
-0.5427713856928467,4.75487743871936,6.796242779812998
4.75487743871936,1.7083541770885438,403.409053029019
1.4032016008003998,-2.4637318659329663,6.612712220155264
2.1285642821410704,2.4437218609304647,11.426118262966975
-1.2831415707853928,2.2786393196598294,5.14089577885088
-3.4542271135567786,-1.993496748374187,187.56036685750368
-1.9384692346173087,3.47423711855928,23.96506975057804
1.5482741370685345,-1.5882941470735368,4.884525171004806
2.2836418209104554,-0.2176088044022011,15.528481156537588
3.6043021510755366,3.309154577288645,124.10855483616626
-1.8384192096048024,-3.07903951975988,25.455691652156062
-1.4382191095547774,2.0035017508754374,7.257012559651485
3.1140570285142566,-2.6438219109554777,69.97923431611456
1.8034017008504248,2.3786893446723356,5.162445208737901
4.214607303651826,4.139569784892446,245.0858785791392
-4.509754877438719,-3.6943471735867934,515.8670732502904
-3.869434717358679,1.008004002001,281.61174602787355
-0.6628314157078536,1.6033016508254123,0.16622288694249843
-0.04252126063031536,3.1990995497748873,1.918099564871043
4.404702351175587,0.3376688344172081,290.6763674493696
0.6828414207103553,-4.504752376188094,14.550169205979667
-2.328664332166083,1.1480740370185094,41.543990855560324
-4.959979989994998,4.914957478739369,734.4148610225332
-1.6633316658329167,-1.3231615807903951,14.454908626671177
1.9734867433716854,-3.5342671335667832,17.262047267863355
0.027513756878438933,-2.11855927963982,4.362685735271604
4.574787393696848,-3.589294647323662,352.29618651471236
-0.552776388194097,-2.808904452226113,7.016151849635227
-4.3096548274137065,1.8734367183591791,424.88616479955004
-4.75487743871936,-3.124062031015508,626.6668255235886
-1.6183091545772887,2.3686843421710853,11.533643580123321
-3.4492246123061534,1.5732866433216603,182.24246111601948
-2.448724362181091,-4.909954977488744,67.60197590642998
3.6943471735867934,3.5442721360680345,138.5888590189068
-4.0645322661330665,-0.2376188094047027,340.3380016132366
-2.458729364682341,0.8829414707353678,50.91698882819893
3.1990995497748873,-4.324662331165583,85.6752945132838
4.6448224112056025,1.933466733366683,365.1802051229884
-1.3431715857928967,3.319159579789895,7.867292308846608
-3.099049524762381,-2.9789894947473736,129.4186745477103
1.6483241620810407,4.74487243621811,9.415523091987609
4.409704852426213,0.04752376188094054,292.33205264264194
2.9589794897448725,4.4297148574287135,56.13377493482484
0.7528764382191095,1.3931965982991494,-0.5281576117418932
-0.34267133566783414,0.7128564282141072,-0.4047482553257736
-3.839419709854927,1.1880940470235117,273.4164452175482
0.34267133566783414,-1.8934467233616807,3.6595675656769036
-2.743871935967984,2.268634317158579,77.64620001449393
-3.6393196598299147,-0.8479239619809906,224.82960752200637
3.47423711855928,3.614307153576789,106.67484556135942
1.4632316158079037,3.189094547273637,3.3473013910307587
-1.4582291145572785,0.7678839419709851,7.149477895110011
-1.0480240120060031,-3.989494747373687,14.30501286195545
-0.9879939969984992,-1.1480740370185094,3.7243576780231944
0.8179089544772387,-0.7728864432216112,0.971930108148759
2.3486743371685836,4.294647323661831,22.40067333828407
4.854927463731865,2.9839919959979984,442.59593179939793
-2.1285642821410704,2.293646823411706,30.50885099615254
-1.0380190095047523,1.8034017008504248,2.1021460800148195
2.6188094047023514,4.619809904952476,35.12568649548109
-3.799399699849925,-0.9579789894947472,264.644712506027
-2.418709354677339,4.6748374187093535,54.626352362606916
-3.099049524762381,2.018509254627314,122.02117639893606
0.7428714357178592,1.0480240120060031,-0.6042591505671565
0.1975987993996995,2.8639319659829914,1.2309304196864748
-4.794897448724362,1.6683341670835414,638.5510129892225
3.3641820910455227,-0.36268134067033486,90.44438728325447
-1.688344172086043,0.9579789894947472,12.438902852117224
-4.414707353676839,0.9979989994997496,465.3871705615949
1.653326663331666,-4.319659829914958,16.602002430859756
-3.6293146573286643,2.668834417208604,222.1971692895785
-1.9784892446223115,-2.168584292146073,27.58728198393229
-1.1030515257628815,-2.2086043021510755,7.470092631809093
-2.5287643821910955,2.36368184092046,57.491915147839535
-1.3931965982991499,4.474737368684341,12.008558404315647
-2.6138069034517257,1.1280640320160078,64.0417336767553
3.1740870435217605,-2.9589794897448725,76.86054701300264
4.804902451225612,-0.7428714357178592,423.1012090548122
-1.7933966983491745,-1.1280640320160082,17.87678310336043
-4.194597298649325,3.7493746873436713,386.65357264003677
1.6033016508254123,3.1490745372686337,4.295713560107302
-3.369184592296148,3.3941970985492738,169.46545940222165
3.949474737368684,1.838419209604802,181.5547259417785
-4.374687343671836,-0.4377188594297152,450.514609064503
3.4492246123061534,2.3786893446723356,100.95663635057915
3.1690845422711345,-1.9284642321160583,72.82432249821126
1.623311655827914,0.39269634817408683,2.3507208750093884
-1.8734367183591796,-4.614807403701851,34.1568052938991
4.27463731865933,-5.0,273.2767269842036
3.7843921960980484,-3.864432216108054,162.2416295945952
0.7378689344672331,0.8129064532266135,-0.5878047431081235
-2.483741870935468,2.20360180090045,53.602703163126876
-4.419709854927464,4.19959979989995,472.52332107428407
2.2586293146573286,-1.0780390195097551,16.161284149537327
0.5577788894447222,4.424712356178089,5.287586672881561
1.2031015507753873,0.13256628314157037,0.2299084425202848
4.609804902451225,3.1140570285142566,355.3501784652867
-0.1025512756378193,-1.258129064532266,2.050762545948174
0.34267133566783414,2.4687343671835915,0.5521409158837733
2.7088544272136064,2.6288144072036017,34.79389964344264
-4.5547773886943475,-3.9394697348674335,536.5889729850178
4.639819909954976,-1.7283641820910458,366.7879911842248
2.488744372186093,-4.759879939969985,39.03696260165655
-2.2186093046523263,2.3086543271635813,35.50510831117757
2.20360180090045,2.4687343671835915,13.457591553622704
4.949974987493746,0.15257628814407198,478.9338986082941
0.2676338169084538,2.5587793896948474,0.700857105633963
-3.444222111055528,1.1180590295147574,181.0874687772805
1.288144072036018,4.414707353676839,5.946002949187676
3.9994997498749374,2.108554277138569,192.0104152858061
0.7428714357178592,0.307653826913457,-0.3657406917379422
1.7933966983491745,3.8844422211105556,8.236356145789243
-3.9994997498749374,-1.3381690845422711,322.0814683208277
-4.3396698349174585,4.694847423711856,442.72567790313997
3.429214607303651,1.8634317158579288,97.83300584975962
1.6183091545772887,-4.759879939969985,18.70864457626366
-3.544272136068034,-1.0730365182591295,203.97185984699414
4.234617308654327,1.8934467233616807,245.5200759916232
-1.5282641320660333,-2.9139569784892445,16.183916481976276
-0.552776388194097,3.464232116058028,2.798495247447187
-3.0890445222611307,1.6733366683341666,120.25646526276759
-0.07753876938469251,-0.27763881940970503,0.3166828070111023
3.33416708354177,-3.799399699849925,97.53263810004476
-4.264632316158079,0.29764882441220575,408.0780939150219
1.56328164082041,-4.2496248124062035,15.431255619743691
4.829914957478739,-2.3186593296648326,436.53336095159943
4.854927463731865,4.984992496248124,448.56790227688276
1.5532766383191596,0.6028014007003497,1.652310432629882
-0.6478239119559781,1.9434717358679334,0.39307328489058424
1.438219109554777,2.733866933466733,2.306813684619315
-4.584792396198099,4.269634817408704,543.0729734937266
1.0830415207603803,0.2576288144072034,-0.11894781815670866
-0.6778389194597301,-4.824912456228114,16.987354865949563
4.794897448724361,2.3436718359179585,418.7510318274905
-0.5077538769384695,2.108554277138569,0.3118204088415544
4.819909954977488,-3.6593296648324163,438.0848620947109
-3.829414707353677,-3.989494747373687,283.1487890312223
-3.0190095047523764,-0.5027513756878443,111.21826918167164
-1.9334667333666835,3.5492746373186588,23.95210602822243
4.054527263631815,-0.36768384192096093,204.02914173473525
2.1585792896448224,-0.7628814407203599,12.706661698994697
-1.3081540770385192,-1.1830915457728866,7.049980419173361
-3.1990995497748873,-1.1130565282641323,139.21247589290934
2.0135067533766877,1.6083041520760375,7.9584531029786145
-4.414707353676839,1.4282141070535266,465.4788522203333
-0.032516258129065,0.3476738369184593,-0.2871997909127524
-4.994997498749375,-1.5582791395697848,749.90008435865
-4.259629814907454,-1.4732366183091545,409.06799997829745
-2.3636818409204605,3.219109554777388,46.382572654860866
-1.6333166583291647,1.5232616308154077,11.110885922637237
-0.06753376688344215,3.279139569784892,2.0975673989214902
1.2481240620310157,-1.2681340670335168,2.5546547856523887
-0.8479239619809906,2.538769384692346,1.810466894377127
-2.4937468734367183,2.9039519759879937,55.4937069137491
3.4842421210605306,1.1080540270135062,104.58555642104858
-3.6643321660830415,-3.6293146573286643,239.710672068454
-2.183591795897949,-3.9494747373686843,44.894696842904935
-2.1935967983991995,-0.427713856928464,34.22854248293035
0.4427213606803404,3.0540270135067527,1.5611559876698058
1.8934467233616807,1.56328164082041,5.723602945108961
4.149574787393696,-3.1190595297648827,233.02487753828157
-4.284642321160581,-1.6633316658329167,418.72684827267204
1.6633316658329163,-1.5032516258129065,5.685716052357982
2.153576788394197,-4.4947473736868435,26.118117000468956
-2.5287643821910955,0.23261630815407663,56.85653993146696
3.2941470735367684,-3.3941970985492746,91.16134945393226
3.7493746873436713,-0.15257628814407198,145.07825437885657
4.229614807403701,3.2591295647823912,246.42481105096508
0.7478739369684844,0.15757878939469716,-0.2506269359989227
0.8729364682341165,1.7833916958479241,-0.2776705442572973
-0.8729364682341174,3.7893946973486745,4.636226308713759
-2.903951975987994,-3.769384692346173,106.47678724103783
0.5277638819409702,-2.7038519259629816,6.289840569748639
0.9329664832416205,0.2676338169084538,-0.2862563788977436
2.5887943971985994,-0.18759379689844913,27.770340755191285
-1.398199099549775,-0.8379189594797403,7.744268796429287
-3.9194597298649327,1.2331165582791392,295.73465747602273
-4.634817408704352,3.744372186093047,564.2850045058682
-0.4627313656828411,2.143571785892946,0.298805911413186
-1.1280640320160082,-3.3591795897948975,12.056045616200468
-1.2381190595297649,-2.6838419209604805,10.53320778320803
-2.9489744872436217,1.1080540270135062,100.77970032671006
3.8744372186093052,2.578789394697348,167.92412866329892
-3.80440220110055,3.3991995997999,266.9225143629806
-0.5877938969484742,-4.19959979989995,13.340374210520798
3.959479739869934,3.9144572286143067,187.455739993821
1.1180590295147574,1.408204102051025,-0.25168110960916
-1.7683841920960481,1.8584292146073036,15.177782055624705
-3.3941970985492746,-4.809904952476238,188.20422042664413
-2.818909454727364,4.779889944972487,92.1864419319333
3.1940970485242612,-3.254127063531766,80.04782948025121
-2.838919459729865,-3.799399699849925,98.85224218186839
1.3031515757878935,2.148574287143572,0.8304911152563763
-3.834417208604302,-2.3186593296648326,277.55426220634024
-2.533766883441721,0.23261630815407663,57.277232065641826
-2.1885942971485743,4.6498249124562285,39.587430330184716
2.0635317658829413,2.813906953476738,10.490228988483409
-1.7533766883441722,3.319159579789895,17.03121258976566
-3.7243621810905454,-4.109554777388694,256.61506825340825
2.028514257128564,-1.748374187093547,11.861863558440323
-2.3186593296648326,2.583791895947974,42.1230539009379
-0.4627313656828411,-0.9229614807403701,1.4938181248735938
4.874937468734366,-0.022511255627813753,448.94575433887934
4.344672336168085,0.15757878939469716,274.15411453368546
-4.3696848424212105,-4.009504752376188,460.06936467326454
4.394697348674336,-0.5377688844422215,288.8120329243112
-0.9679839919959985,2.6538269134567285,2.652521861395315
4.704852426213106,1.898449224612306,385.7450998336507
3.309154577288645,1.0930465232616307,83.18095655127165
-1.5782891445722864,-3.944472236118059,21.8604799576541
-4.749874937468734,3.2941470735367684,618.3077610737425
-0.887943971985993,2.733866933466733,2.3248865356429986
3.3841920960480234,-4.629814907453727,107.75470439911265
-3.3991995997999,4.179589794897449,177.33895299698017
-4.639819909954977,-4.499749874937469,577.9610552757109
2.0735367683841917,-4.304652326163081,23.14055420562736
-1.1480740370185094,3.1740870435217605,5.113892823245601
-0.11255627813906965,-2.883941970985493,7.044089084422292
-3.6943471735867934,4.259629814907454,241.5071777987022
1.8034017008504248,-2.9939969984992496,12.18805906619189
-2.5737868934467234,2.3236618309154577,61.30817687523903
4.559779889944972,1.6983491745872934,337.22908446846014
-1.8634317158579292,0.07753876938469251,18.453413513611736
-2.5587793896948474,-3.509254627313657,69.28773566767434
4.479739869934967,-4.59479739869935,327.9785543214944
4.634817408704352,-2.788894447223612,368.5711149462318
1.4532266133066534,2.328664332166083,1.7736369848645532
1.4432216108054021,-2.2636318159079543,6.158001443215223
-0.982991495747874,-1.398199099549775,4.259199015531719
-0.5127563781890947,-1.3081540770385192,2.367727523796116
-4.919959979989995,-2.663831915957979,711.2351503388528
3.3891945972986495,-4.329664832416208,106.71510423296408
2.4437218609304647,-2.488744372186093,26.654422750635636
-1.593296648324162,-3.9044522261130563,22.016020025478014
0.6278139069534765,1.868434217108554,-0.2150095857741925
-4.684842421210606,-1.9084542271135567,588.2549610000118
-0.9529764882441221,3.494247123561781,4.300855665328412
4.239619809904951,-3.959479739869935,258.67189587686676
4.169584792396197,-3.7743871935967985,240.6607629282752
1.9284642321160579,-1.4232116058029014,9.094838139579267
1.4032016008003998,2.183591795897949,1.314437770273996
-2.6538269134567285,4.604802401200599,74.28865878097706
-1.4832416208104053,-1.368184092046023,10.407313080762256
3.9694847423711845,-4.634817408704352,201.10620386627002
0.16758379189594752,-1.763381690845423,3.3142214360272737
3.1990995497748873,0.5477738869434718,71.60153427148205
-4.98999499749875,1.0830415207603803,743.7670669997378
-1.1780890445222614,2.9589794897448725,4.980111988879367
-4.394697348674337,-3.929464732366183,469.5322636690956
-3.23911955977989,-1.9334667333666835,147.86698920021576
4.104552276138069,0.2676338169084538,214.4505352236937
-3.3941970985492746,-0.18759379689844913,172.031912161456
-0.7878939469734867,2.888944472236118,2.1585258736211532
-3.71935967983992,2.968984492246123,244.26021634390304
-3.469234617308654,2.9339669834917457,187.9797940383154
-0.8029014507253631,1.0030015007503748,0.4331700945578776
-3.254127063531766,-2.693846923461731,152.91550403104975
2.6788394197098544,-4.114557278639319,44.85308103497132
2.3986993496748372,3.6993496748374177,22.447445076514445
-3.1040520260130062,1.0480240120060031,122.24502899293896
-1.5482741370685345,3.524262131065532,12.143740904851176
0.6978489244622308,-0.4677338669334672,0.4744360263657247
-4.674837418709354,-0.6328164082041026,580.5993326127929
4.279639819909955,0.6578289144572285,256.6264170058349
-3.2691345672836416,-4.084542271135568,161.58142976727657
2.633816908454227,4.864932466233116,36.819937130437054
-0.7478739369684844,-3.9494747373686843,12.479781262584103
4.224612306153077,2.948974487243621,244.52899120699877
0.3726863431715852,3.679339669834917,3.056958074090451
-4.0945472736368185,0.16758379189594752,349.56870964507874
-3.6943471735867934,0.7078539269634812,236.23725919758073
0.6278139069534765,4.849924962481241,6.818862527871428
-1.1630815407703854,-1.2681340670335168,5.475540732333343
-2.418709354677339,0.6978489244622308,47.919784971858014
4.659829914957479,0.5977988994497245,369.89570726694194
-4.044522261130565,-0.9979989994997496,335.24635264990525
-1.7083541770885442,1.2181090545272637,13.027063474697993
-2.818909454727364,-3.894447223611806,97.0204647462419
4.544772386193097,0.8529264632316158,332.26595056299806
-2.9589794897448725,-3.0040020010005004,110.08336162316104
0.5777888944472238,-1.5732866433216608,2.729462176015045
-3.944472236118059,-4.904952476238119,320.3838904972499
-2.488744372186093,3.5042521260630313,56.414304938076604
0.307653826913457,-2.003501750875438,3.9903504677176285
-4.174587293646823,2.4137068534267128,376.9571342701774
1.0680340170085039,4.544772386193097,5.865591670930378
0.2676338169084538,2.703851925962981,0.9375162055691226
3.9044522261130563,-4.909954977488744,189.84371359609722
1.3581790895447723,-4.019509754877439,12.995108678633336
1.4032016008003998,0.4477238619309656,0.7664974669557532
-3.749374687343672,-2.9689844922461233,257.70645532069733
1.2031015507753873,-0.9429714857428717,1.741256913153801
2.453726863431716,4.014507253626814,25.520026224329467
2.663831915957979,3.779389694847424,34.81317375517396
-2.7388694347173588,0.007503751875938214,76.8089840933526
-0.7828914457228615,-1.7983991995998,4.27103781445228
-2.5887943971985994,0.5877938969484742,61.84956493630472
3.9794897448724367,0.3376688344172081,187.48841530346579
4.044522261130565,-1.778389194597299,204.78818877015132
-1.6983491745872938,-3.4492246123061534,22.616206266991746
-5.0,-2.163581790895448,754.5041248738427
3.7243621810905445,1.0930465232616307,140.24530754386817
-1.378189094547274,1.5732866433216603,5.889808332422354
4.994997498749374,3.3541770885442723,500.14838785019043
-1.208104052026013,-2.3536768384192097,9.017005841999268
-0.8479239619809906,1.198099049524762,0.6461829014552036
2.2286143071535767,-0.3276638319159577,13.980763261796799
-3.95447723861931,4.504752376188094,312.02493645600146
-2.7538769384692348,4.219609804902451,83.08250247655093
-3.3091545772886444,-3.9044522261130563,167.67727452155057
2.488744372186093,-2.6238119059529765,29.0148605050855
-1.7383691845922962,3.649324662331166,17.394731435066603
-4.864932466233117,-1.1380690345172586,677.0805594254496
-1.8034017008504253,-4.014507253626814,28.514948668719352
-2.5637818909454726,-2.133566783391696,64.46533561754451
3.1490745372686337,-4.069534767383692,79.46210963858734
-1.6933466733366682,3.5442721360680345,15.814315884119175
-4.849924962481241,0.20260130065032467,667.1705169006739
3.714357178589294,-2.403701850925463,144.38966474533285
-4.154577288644322,-3.6593296648324163,379.99009941085006
-4.159579789894948,0.4427213606803404,370.98756579366216
2.148574287143572,2.113556778389194,11.512272839433622
3.439219609804903,-0.767883941970986,100.28988200426662
-3.9694847423711854,-2.6138069034517257,316.8532471992055
2.968984492246123,3.8144072036018013,54.99114883556108
3.624312156078039,0.8529264632316158,124.44816219291933
4.784892446223111,4.309654827413707,419.61584561884314
2.978989494747373,-3.6993496748374186,62.8598557885392
4.4897448724362174,1.0930465232616307,315.3381736119437
0.7928964482241119,-3.814407203601801,10.98602098342379
-2.808904452226113,0.3526763381690845,84.12283323593239
-4.12456228114057,3.8144072036018013,363.03617598059503
0.6978489244622308,0.7528764382191095,-0.572150298312373
3.494247123561781,-3.349174587293647,115.37204224329378
2.178589294647323,-1.993496748374187,16.167280630023434
-1.9584792396198099,-0.07753876938469251,22.304709395165165
-3.594297148574287,-3.3291645822911455,222.2052945210552
2.2786393196598294,-4.164582291145573,27.964221776762926
-4.204602301150575,-2.6588294147073537,393.0610817045297
4.264632316158078,-4.139569784892446,265.91654091641834
-1.7983991995998,0.07753876938469251,16.20222772977541
0.9129564782391197,2.1635817908954476,0.11072642358711393
2.4337168584292144,-1.4632316158079042,23.200569593064156
-3.9994997498749374,4.099549774887443,324.1515553903755
1.5682841420710352,-3.0840420210105055,10.031695781750516
2.9289644822411205,-0.3326663331665838,48.857277384681844
-4.419709854927464,-0.7478739369684844,468.932133284291
-4.404702351175588,-1.0830415207603803,463.5413662316523
0.1925962981490743,3.1340670335167573,1.7713529283771443
0.45772886443221594,3.374187093546773,2.2663776221707987
-2.11855927963982,-0.25262631315657824,29.938029853864943
-4.259629814907454,-3.799399699849925,417.52666903268454
-1.8584292146073036,2.518759379689845,19.000334159842268
4.609804902451225,0.702851425712856,353.1597085429819
1.473236618309154,4.964982491245623,8.873741421791983
-0.7278639319659828,2.0735367683841917,0.7425257508284648
-4.104552276138069,-0.4177088544272136,353.48895685971127
-3.124062031015508,4.789894947473737,132.42474368172626
3.009004502251125,4.669834917458729,60.96686552839104
-0.9229614807403701,0.3776888444222113,1.205529484419019
4.949974987493746,0.5727863931965977,478.6660908675052
2.183591795897949,-2.5637818909454726,18.17326669541613
0.06253126563281608,-1.828414207103552,3.4997342456149796
4.599799899949975,-1.043021510755378,351.9313675747936
3.3291645822911455,2.083541770885443,86.02913397975382
3.5142571285642816,0.6978489244622308,108.6671391654274
2.673836918459229,-2.5787893946973486,37.90150240908213
1.4282141070535266,3.464232116058028,3.7837210284756235
4.44472236118059,-1.8184092046023013,305.9457770175562
0.6528264132066033,-1.5082541270635317,2.549077678661904
-4.75487743871936,0.307653826913457,618.4025533174506
-3.31415707853927,-3.7243621810905454,167.70158263902997
-4.934967483741871,-2.788894447223612,719.9762284678948
-0.18759379689844913,-3.0540270135067535,7.725407644518386
4.6448224112056025,4.694847423711856,371.5704737940924
2.238619309654827,1.7233616808404202,13.657266978631906
3.3041520760380187,-1.5232616308154077,85.8006855754373
-0.9629814907453724,-3.499249624812406,11.374575591288107
3.679339669834917,-2.6288144072036017,139.5399377977473
-4.864932466233117,2.3986993496748372,675.7730697626591
0.7478739369684844,1.5382691345672832,-0.4605968534238687
-0.5277638819409702,0.7678839419709851,-0.24847891781037446
-0.4027013506753381,-0.8029014507253631,1.2168308280749671
-3.7943971985992997,0.827913956978489,261.4310205355625
-1.5532766383191596,1.7333666833416705,9.33742307496955
-3.1690845422711353,-4.019509754877439,144.7889560878662
0.8429214607303654,4.939969984992496,7.167605883468811
3.8494247123561784,-4.154577288644322,175.31900307693587
4.049524762381191,1.7283641820910454,202.27426279970274
2.6838419209604805,2.3486743371685836,32.961044285918724
-4.109554777388694,0.5277638819409702,354.2348961382661
4.264632316158078,1.593296648324162,252.88495258598496
4.174587293646823,-2.6438219109554777,237.09400915736921
4.139569784892446,0.8629314657328662,222.21736721178235
-4.234617308654327,4.994997498749374,404.97113251429613
1.3381690845422707,-4.529764882441221,15.59948908391782
1.9784892446223106,-0.19759879939970038,7.795165702373121
1.2081040520260125,-1.2831415707853928,2.4733064511195284
-3.509254627313657,0.887943971985993,194.3782607543782
-4.019509754877439,-3.7543771885942974,336.7742511932983
-2.83391695847924,1.7633816908454225,87.04913624620329
-3.434217108554277,4.76488244122061,186.18463211839034
-0.5627813906953474,-0.8729364682341174,1.532504649011425
-2.873936968484242,-1.5832916458229116,94.79358616543297
3.9694847423711845,-0.5127563781890947,186.3748361814271
2.6438219109554773,-2.038519259629815,34.493752642744184
4.439719859929964,4.169584792396197,305.5392699523091
1.193096548274137,-1.688344172086043,3.4415423935182208
4.154577288644322,-0.797898949474737,227.33137725632753
-2.6088044022011005,1.2331165582791392,63.602066166520075
2.243621810905452,4.774887443721861,20.67039038412954
-2.7388694347173588,4.769884942471235,83.42247593181811
2.968984492246123,1.2931465732866432,51.07367233843308
-3.479239619809905,-0.8429214607303654,189.84839999697363
2.0085042521260625,-1.2231115557778889,10.14250364927415
-3.1990995497748873,3.5992996498249124,140.35815128187946
0.05252626313156572,1.778389194597298,-0.19719243913710627
-0.39269634817408683,-1.718359179589795,3.279077038361593
4.084542271135568,0.4627313656828411,209.83861736117055
-0.027513756878438933,0.03751875937968929,-0.036793529566138114
1.8434217108554272,3.6993496748374177,8.426709766503519
-3.6793396698349174,0.5477738869434718,232.67646392118002
-4.824912456228114,-1.0830415207603803,655.9405991416231
3.309154577288645,-0.29764882441220664,84.0185739592753
0.6278139069534765,-1.0830415207603803,1.5774324081091928
4.024512256128064,0.11255627813906965,197.04302019732904
-0.582791395697849,-1.7233616808404202,3.5216513553735385
-3.3241620810405204,-0.36268134067033486,159.2643024522347
1.7833916958479241,-0.17758879439719877,4.6367962884760985
-3.3641820910455227,1.013006503251626,165.66577120249804
2.6538269134567285,2.0735367683841917,30.98686923133204
4.064532266133066,4.949974987493746,213.0777217076805
3.5342671335667823,-2.2636318159079543,116.70514392808151
-1.5432716358179093,-1.8184092046023013,12.81974033712767
-2.6588294147073537,-2.5637818909454726,74.62257655952568
-2.708854427213607,-4.854927463731866,90.3620333886562
0.24262131065532788,1.2081040520260125,-0.48916317952899613
3.244122061030515,1.0230115057528764,76.11953902791522
-4.629814907453727,0.39269634817408683,558.3925550750506
-2.803901950975488,-2.453726863431716,89.31695583307953
4.334667333666832,2.5637818909454726,272.3164959231301
-0.857928964482241,-4.019509754877439,13.270968918163074
2.083541770885443,-2.6038019009504754,15.794285691823614
3.8844422211105556,3.3041520760380187,171.2172744405905
-4.224612306153077,4.479739869934967,399.4802968075393
-2.1885942971485743,-4.234617308654327,46.62742856842339
-3.7843921960980493,-2.773886943471736,265.92867695956824
0.07253626813406733,3.8194097048524256,3.4741815750832696
2.878939469734867,2.4737368684342167,45.42024992380232
2.178589294647323,-1.2781390695347676,14.281728048830388
-4.504752376188094,-1.0230115057528764,504.75778677574783
4.44472236118059,0.9729864932466228,301.97442666003633
-0.8779389694847426,-0.8379189594797403,2.4597649983218455
4.574787393696848,2.3136568284142065,342.6282209661552
4.6748374187093535,-3.1140570285142575,383.4002459211703
2.8939469734867433,3.1340670335167573,47.67995755674087
-2.403701850925463,-4.699849924962481,63.01498292075303
-1.5182591295647825,4.994997498749374,16.293293729592186
3.4142071035517763,3.244122061030515,98.10050068593675
2.178589294647323,-1.7283641820910458,15.40875479381869
-4.054527263631816,3.804402201100549,340.33249693330487
0.18759379689844913,4.2496248124062035,4.774667453167661
3.8144072036018013,3.5692846423211595,158.99595991835355
2.0685342671335665,3.8094047023511752,12.903883130808515
-0.27263631815907985,3.2291145572786384,2.010266097924677
-1.363181590795398,-3.4142071035517763,15.228908797218969
-2.3636818409204605,-0.38769384692346165,44.883196153203336
-3.0740370185092547,2.938969484742371,119.72543794544468
1.7883941970985493,3.029014507253626,6.067999608536747
-1.7933966983491745,4.504752376188094,21.754099450378362
-0.09754877438719411,0.8929464732366181,-0.4932509703954612
-2.3486743371685845,0.39269634817408683,43.06958064389566
-2.038519259629815,3.4242121060530266,28.17827816441193
-4.714857428714357,3.614307153576789,601.895608800569
-2.8139069534767382,1.6833416708354179,84.7100663693625
1.9884942471235618,1.5982991495747871,7.451238116363674
0.5677838919459726,-4.6048024012006,15.127791559795671
3.494247123561781,2.3836918459229617,106.87168401015018
-3.3441720860430215,1.6433216608304146,162.17681639366583
-3.0440220110055027,-3.2141070535267637,122.44552348492394
3.859429714857429,1.5432716358179084,164.02751856555665
-1.9234617308654327,-2.403701850925463,26.0966514956675
-2.9139569784892445,-4.104552276138069,109.37060703050437
-2.43871935967984,2.908954477238619,51.19697352353693
1.043021510755377,0.10755377688844447,-0.05295350272182027
4.0295147573786885,1.5732866433216603,197.87695890101818
2.848924462231115,1.2731365682841416,42.289846648360076
-0.1675837918959484,-4.634817408704352,15.381078822221882
-1.8634317158579292,3.869434717358679,22.144773951209224
-0.21260630315157591,1.0280140070035015,-0.48795432642984804
-4.164582291145573,3.0840420210105055,374.7065851184564
-3.499249624812406,-0.2376188094047027,193.04713181682786
4.529764882441221,2.8689344672336166,329.32117254878176
2.583791895947974,-1.4682341170585294,29.865461814237097
-1.3381690845422711,2.583791895947974,6.357047030263577
-0.39269634817408683,0.7228614307153576,-0.37725838297588926
-0.9229614807403701,1.2731365682841416,1.0491956897077563
0.612806403201601,3.6743371685842927,2.9869354712893736
-1.0880440220110055,-1.1680840420210106,4.539840674797437
-3.3741870935467735,-0.24262131065532788,168.309021014775
3.0240120060030016,4.534767383691845,61.71836127886661
2.108554277138569,1.8034017008504248,10.215018560989591
4.154577288644322,-1.378189094547274,228.54304862477815
-1.2181090545272637,-4.2096048024012,17.079040510088333
-3.1140570285142575,1.7333666833416705,124.00563778326607
0.04252126063031536,-4.9849924962481245,17.4099939782568
-3.6443221610805403,2.153576788394197,224.95311107790903
2.818909454727364,-0.2576288144072034,41.033951644475756
4.334667333666832,-4.714857428714357,287.42358673717143
-0.8529264632316158,-1.7233616808404202,4.358071713095353
1.473236618309154,0.25262631315657824,1.2924820577427745
-4.099549774887444,0.7428714357178592,350.88335577317287
-3.07903951975988,-0.41270635317658844,119.56823942478191
0.22261130565282627,3.8994497248624302,3.694828450289929
-1.7433716858429213,-3.034017008504252,22.172971367334434
-2.1235617808904452,2.788894447223612,31.012026869351693
3.3591795897948966,-3.6343171585792895,99.66380236819263
-2.808904452226113,1.8584292146073036,84.28176963259497
4.1245622811405696,-4.344672336168084,233.02427058517924
2.303651825912956,1.778389194597298,15.740149117024295
1.9184592296148075,-1.0330165082541272,8.051691918358403
-3.8544272136068036,0.36768384192096004,277.68246573934454
-4.969984992496248,-3.2791395697848924,741.5449699859122
4.604802401200599,3.494247123561781,354.5877757648153
3.244122061030515,4.74487243621811,83.13130904498979
0.2626313156578286,-4.9849924962481245,17.396710119771477
0.07753876938469251,-4.254627313656829,13.305124066693235
-4.974987493746873,4.529764882441221,741.4503289432322
-4.299649824912456,2.723861930965483,422.2421754684688
-3.134067033516758,2.8639319659829914,128.5001801702208
4.724862431215607,1.9284642321160579,392.8271448830073
-3.034017008504252,-2.83391695847924,119.51516971119588
-3.16408204102051,-3.319159579789895,140.7329422102071
-1.3231615807903951,3.3841920960480234,7.723868368162565
2.483741870935468,1.8934467233616807,22.63322157273128
