0.35671422856380874,-0.2732364315242032,0.0769435924789974,-0.09321242832377641,-0.38258434457927715,0.7871716228830512,-0.6935591412188291,-0.2985731430857447,-0.4265902120282704,0.0654753967195627,-0.2816559884280158
-0.4239231897586344,0.11828243765835444,-0.8642485664755301,0.12681690892118969,0.1660221362848382,-0.857047606347513,-0.3191092145619415,0.6767569009201229,-0.5466062141618881,-0.7340978797172957,-1.00089546051986
0.8010401386851582,0.04733964528603818,-0.2695026003467128,-0.20869449259901318,-0.32577677023603135,0.1537538338445128,0.462595012668356,-0.31350846779570607,-0.3601813575143352,0.9658621149486599,-0.07418537283690574
-0.45592745699426585,0.10388051740232052,0.9874649953327113,-0.2644352580344045,0.5546072809707963,-0.4364581944259234,0.6367515668755837,-0.8994532604347246,0.6812908387785039,-0.5847446326176824,-0.5403945948552149
0.5386051473529805,0.4756634217895721,-0.7482330977463661,0.7423656487531674,0.9535938125083345,0.713561808241099,0.34417922389651956,0.2705694092545674,0.9191892252300309,-0.9237231630884117,1.3967703372929958
-0.7292972396319509,-0.7887718362448326,-0.4303240432057607,0.11054807307641035,0.6076810241365518,0.7362314975330047,-0.6772903053740498,0.06227496999599946,-0.6130150686758233,0.5892785704760637,0.8921865552139547
0.7957060941458862,-0.5146019469262568,-0.3167088945192692,0.4985998133084413,0.01666888918522469,0.5316708894519271,-0.8778503800506734,-0.49939991998933186,0.05800773436458195,-0.5751433524469929,-0.3309039978942475
-0.7026270169355914,0.36444859314575284,0.2689691958927858,0.4327243632484332,0.0665422056274172,-0.4929990665422056,0.7458327777036939,-0.2697693025736764,-0.15562074943325765,0.6842245632751036,-0.05484466745999103
0.20736098146419524,0.8042405654087212,-0.6306174156554207,0.2681690892118951,-0.8898519802640352,0.6668889185224698,0.20469395919455935,0.4964661954927325,0.9581277503667158,-0.06867582344312562,-1.2720253229154237
0.9261234831310843,0.16308841178823852,0.21082811041472205,-0.15242032270969452,0.773569809307908,0.607414321909588,-0.1177490332044272,0.7324976663555143,-0.8594479263901853,-0.8573143085744765,0.48919400091088117
-0.6167488998533137,0.4916655554073879,-0.0028003733831176714,-0.5570076010134684,-0.010801440192025558,-0.33271102813708486,0.7583677823709829,-0.11934924656620871,0.4129883984531273,-0.9205227363648486,-0.4874625949688419
-0.39751966928923854,0.7111614881984265,0.764235231364182,0.35938125083344463,-0.5978130417388985,0.7743699159887987,0.4564608614481933,-0.08174423256434182,-0.9935991465528737,0.7927723696492868,0.5071285868756132
-0.733831177490332,-0.006534204560607937,-0.4964661954927323,-0.5951460194692626,0.3108414455260702,0.20362715028670508,0.027336978263768685,-0.5458061074809974,0.3937858381117483,-0.2679023869849313,0.20099229633156787
0.6164821976263504,-0.8226430190692092,-0.9314575276703561,0.2943059074543273,-0.5711428190425389,-0.9397252967062275,0.562074943325777,0.45859447926390207,-0.37538338445126007,0.058807841045472875,0.275006996528075
-0.05240698759834639,-0.46126150153353773,0.03347112948393138,-0.33991198826510194,0.03373783171089495,-0.2337645019335911,0.7164955327376985,-0.5007334311241498,0.6839578610481398,0.9149219895986134,-0.054838325974994745
0.07480997466328865,0.42445659421256177,0.9778637151620218,-0.9405254033871183,0.9317242298973198,-0.16495532737698348,0.49006534204560626,-0.9895986131484198,0.9234564608614484,-0.06467529003867178,-1.4586066328061518
0.6034137885051343,0.9074543272436326,-0.6898253100413387,-0.11188158421122807,0.3588478463795175,-0.4484597946392852,0.3572476330177359,-0.5090012001600213,0.2503000400053341,0.40018669155887454,-0.02455502022684397
-0.45326043472462985,-0.11828243765835433,0.6519535938125085,-0.45219362581677547,0.3823176423523138,0.04707294305907461,0.3908521136151488,0.5759434591278838,0.1833577810374718,-0.3855180690758767,-0.5175105242180563
-0.45166022136284834,-0.6810241365515401,-0.6426190158687825,-0.9549273236431524,-0.18789171889585266,0.08201093479130561,0.36498199759968,0.80637418322443,-0.1446859581277503,-0.21349513268435782,1.5580015343180789
0.499399919989332,-0.835978130417389,-0.693025736764902,-0.06654220562741686,0.4495266035471397,-0.824776636884918,-0.5804773969862648,-0.9594612615015335,0.7151620216028804,0.15828777170289388,-0.30953176767677687
-0.18949193225763428,-0.39218562474996665,-0.02680357380984122,-0.9442592345646086,-0.6740898786504868,0.5426056807574344,0.47006267502333654,0.7898386451526871,-0.435391385518069,0.9799973329777305,0.4054169021197221
-0.8613148419789305,0.9090545406054142,0.23936524869982678,0.3612481664221898,0.3271102813708495,-0.15588745166022133,0.7591678890518738,-0.20389385251366843,-0.7525003333777837,-0.20602747032937718,0.08799432578771549
0.07614348579810648,-0.2863048406454193,-0.16602213628483786,0.07667689025203361,0.21749566608881188,0.23296439525270052,-0.6188825176690225,-0.7268969195892785,-0.8551806907587678,0.7930390718762503,0.08997512706688511
0.5820776103480465,-0.6383517802373649,0.9805307374316576,-0.3535138018402453,-0.8487798373116415,0.9295906120816111,0.9946659554607282,-0.1945592745699426,-0.5674089878650486,-0.725296706227497,-2.822703978669947
0.6930257367649022,-0.567142285638085,-0.3095079343912521,0.4249899986664889,-0.598079743965862,-0.8895852780370717,-0.3060408054407253,0.6410188025070012,-0.0020002667022268605,-0.06814241898919848,-0.0895195735109432
-0.38525136684891315,0.7466328843845849,0.7895719429257235,-0.17642352313641807,-0.6204827310308041,0.15695426056807582,0.6100813441792241,0.42712361648219765,-0.3743165755434057,0.053740498733164443,0.26929757027332185
0.7282304307240968,-0.710094679290572,0.20336044805974152,0.2409654620616084,-0.43485798106414186,-0.5106014135218029,-0.5567408987865048,-0.4687291638885184,0.09294572609681295,-0.07961061474863307,-0.5246785903985451
-0.48819842645686085,0.4225896786238166,-0.39298573143085735,-0.20042672356314173,-0.6180824109881318,0.36258167755700765,0.10494732631017478,-0.9741298839845313,-0.6543539138551806,-0.8589145219362582,-0.23792747443005594
-0.4737965062008267,0.9226563541805577,0.8079743965862116,0.04707294305907461,-0.4911321509534604,-0.8242432324309907,0.7765035338045074,0.3639151886918257,0.9285238031737566,0.39058541138818526,0.12633300527235186
-0.5482064275236698,-0.8602480330710761,0.18442458994532607,-0.6970262701693559,-0.5543405787438325,-0.5855447392985731,0.8146419522603014,-0.8522469662621683,0.9154553940525405,0.8530470729430593,0.39442039722421796
-0.7783704493932524,-0.11081477530337369,0.2417655687424991,-0.6687558341112148,0.29910654753967214,-0.15562074943325765,-0.3857847713028403,-0.7775703427123617,0.31110814775303397,0.3777837044939327,-0.2695878217302771
0.4135218029070544,-0.6426190158687825,0.4575276703560476,-0.4860648086411521,0.13028403787171627,0.9138551806907589,-0.8639818642485665,0.08681157487665025,-0.03693825843445786,0.7685024669955995,-0.39188800404051827
-0.8602480330710761,-0.4396586211494865,0.621282837711695,-0.7765035338045072,0.4196559541272171,0.7749033204427258,-0.180424056540872,0.39138551806907595,-0.4327243632484331,-0.9837311641552207,-0.9188014167181231
0.2633684491265502,-0.21616215495399382,-0.13375116682224286,0.9487931724229899,0.28417122282971086,0.48046406187491675,0.959994665955461,0.42979063875183376,-0.5116682224296573,0.43592478997199646,0.09385330130012243
0.6596879583944528,-0.13241765568742492,0.8250433391118817,-0.7471662888385118,0.7090278703827178,-0.25883451126816903,0.5540738765168691,0.7322309641285507,0.9562608347779706,0.28070409387918405,-1.2367475789211473
0.10094679290572084,-0.87091612214962,0.7111614881984265,0.7807707694359249,0.5772769702627019,0.8445126016802242,0.3815175356714229,0.17775703427123624,0.6890252033604483,-0.4825976796906254,0.5229101262455684
0.24549939991998948,0.18549139885318056,0.44899319909321256,0.2985731430857448,0.23109747966395533,0.11828243765835444,0.1265502066942259,-0.7573009734631284,0.04840645419389267,0.4031204160554742,0.3821268032843459
0.1414855314041874,0.27803707160954816,-0.6068809174556606,-0.0004000533404453499,0.4609947993065744,0.6010134684624617,0.9749299906654223,0.1945592745699427,-0.215362048273103,-0.07480997466328831,0.14530501981363184
-0.5634084544605947,0.20709427923723167,-0.6951593545806107,-0.29430590745432716,0.4855314041872252,-0.28817175623416447,-0.5690092012268302,0.8215762101613551,-0.5575410054673956,-0.6487531670889451,-0.6475646114788288
-0.12681690892118946,-0.3812508334444592,-0.9570609414588612,0.9583944525936794,0.9007867715695428,-0.743699159887985,-0.10974796639551931,0.9458594479263904,0.2516335511401522,0.2121616215495401,-0.15610636835655817
-0.8085078010401386,0.4591278837178292,-0.04973996532871039,0.8546472863048409,-0.23349779970662743,0.22202960394719318,0.9010534737965064,-0.2959061208161088,-0.6522202960394718,0.7949059874649955,-0.2215878299159555
0.1764235231364184,-0.16095479397252954,-0.6770236031470862,-0.16762234964661948,0.0009334577943727052,-0.8546472863048407,-0.2801706894252566,-0.32604347246299503,-0.5871449526603547,0.4924656620882786,0.5070745373214883
-0.136951593545806,-0.8866515535404721,-0.2644352580344045,0.02440325376716901,0.4076543539138553,0.8602480330710762,0.9957327643685827,-0.5911454860648087,0.040938791838911914,-0.7394319242565675,0.8726923436593479
-0.43512468329110543,-0.32310974796639547,-0.767435658087745,0.5751433524469931,-0.44552607014268564,-0.5650086678223762,-0.7276970262701694,0.7866382184291241,-0.8887851713561808,0.27697026270169367,-0.21866934147444722
-0.5004667288971862,0.9386584877983732,0.8378450460061344,0.14868649153220437,-0.8706494199226563,0.011068142418989346,0.9663955194025873,-0.669289238565142,-0.68769169222563,-0.07987731697559664,0.6340295132879109
-0.9186558207761035,0.9743965862114949,-0.2676356847579676,0.3177757034271238,-0.9455927456994266,0.7602346979597281,-0.8202426990265368,0.0961461528203762,0.5516735564741968,0.42125616748899875,-1.9303391451805605
0.004933991198826648,-0.08467795706094139,0.14281904253900524,0.25723429790638774,-0.8205094012535005,0.5786104813975199,-0.8693159087878384,0.03800506734231246,0.08121082811041491,0.2985731430857448,-0.6372672296726091
-0.29990665422056273,0.6543539138551808,-0.5050006667555673,-0.6564875316708894,-0.16948926523536467,-0.15055340712094933,0.8687825043339115,-0.8650486731564209,0.2025603413788506,0.9189225230030673,-0.04129539076998531
-0.9298573143085744,-0.34071209494599275,0.011068142418989346,0.07881050806774237,-0.19509267902386973,0.4825976796906255,-0.12414988665155346,-0.7599679957327643,0.4095212695026005,0.911188158421123,0.25653114050196285
-0.01746899586611539,0.9650620082677692,0.2889718629150555,0.6876916922256302,-0.9757300973463129,-0.46899586611548205,-0.49406587545006,0.7965062008267771,-0.714095212695026,-0.5279370582744365,0.31273883341470315
0.7677023603147088,-0.05454060541405514,-0.1020136018135751,-0.679157220962795,-0.3935191358847846,0.43779170556074165,-0.6255500733431123,0.23323109747966408,-0.14841978930524058,-0.9815975463395119,0.24307356324476537
-0.8266435524736632,0.6658221096146155,-0.09374583277770365,-0.6996932924389918,0.4564608614481933,-0.6839578610481397,-0.7935724763301774,-0.5298039738631817,0.6863581810908124,0.5834111214828646,-0.6911455536381458
-0.967729030537405,-0.956527537004934,-0.48206427523669815,-0.46472863048406454,-0.9533271102813708,-0.8119749299906653,0.41085478063741854,0.30524069875983484,0.5783437791705561,-0.7207627683691158,2.3158412537990314
-0.6058141085478064,0.7268969195892787,-0.49433257767702354,-0.6527537004933991,0.7394319242565677,0.05667422322976412,-0.9077210294705961,-0.15055340712094933,-0.4633951193492465,0.8007734364581947,-1.1950361189284777
-0.8938525136684892,0.6362181624216563,0.6036804907320978,-0.32924389918655816,-0.48099746632884377,-0.6279503933857847,-0.756234164555274,-0.33217762368315773,0.09214561941592225,-0.19402587011601535,0.2128757180419053
0.8314441925590081,0.49379917322309663,0.09854647286304852,0.633817842378984,0.7487665022002936,-0.169222563008401,-0.49513268435791435,-0.5522069609281237,-0.9325243365782104,-0.9458594479263902,1.2692330781735517
0.9885318042405655,-0.13401786904920643,0.689825310041339,0.13668489131884254,0.17535671422856391,-0.767435658087745,0.9994665955460731,-0.8194425923456461,-0.32844379250566735,0.4380584077877052,-0.7976580846940038
-0.1753567142285637,-0.6242165622082945,-0.33457794372583005,0.40472062941725584,-0.5503400453393785,-0.22122949726630214,0.4103213761834912,-0.9938658487798373,-0.4127216962261634,0.8735831444192561,0.17627427068724988
-0.13268435791438848,0.153487131617549,0.6319509267902388,-0.5106014135218029,-0.05160688091745558,0.06307507667689038,-0.7188958527803707,0.7901053473796509,-0.3601813575143352,0.2969729297239634,-0.24546750217296198
0.3516468862515003,-0.02573676490198684,-0.6892919055874116,-0.5324709961328177,-0.9607947726363515,-0.9021202827043606,-0.8263768502466995,-0.6332844379250566,0.35671422856380874,0.08121082811041491,1.7009058956046257
-0.26043472462995054,0.1945592745699427,0.38285104680624094,-0.02760368049073203,0.16842245632751052,0.9159887985064676,-0.4711294839311908,-0.1945592745699426,0.15775436724896674,0.7522336311508202,0.4460281160637614
0.464461928257101,0.2516335511401522,-0.8653153753833844,0.27643685824776654,-0.36151486864915316,0.36871582877717035,0.2687024936658222,-0.4756634217895719,0.6066142152286973,-0.9239898653153754,-0.20279478815009294
-0.7340978797172957,-0.003067075610081238,0.47619682624349924,0.244432591012135,-0.6991598879850647,0.9258567809041207,0.829577276970263,-0.2676356847579676,0.45086011468195775,-0.6978263768502466,-1.283264789741261
0.21509534604613956,-0.23243099079877305,0.19615948793172433,-0.9018535804773969,0.2681690892118951,0.36978263768502484,0.9082544339245235,-0.22523003067075598,-0.04947326310174682,-0.8978530470729431,-0.4899726496657459
0.8773169755967465,-0.8871849579943992,-0.06414188558474454,0.046806240832111046,-0.8791838911854913,-0.5716762234964661,0.9274569942659023,0.20362715028670508,-0.33644485931457524,-0.8242432324309907,-0.5669617434148247
0.7749033204427258,0.80637418322443,0.19482597679690628,-0.36151486864915316,-0.43752500333377775,-0.4769969329243898,0.31830910788105093,-0.3183091078810507,0.5914121882917724,-0.40578743832511,1.2619894650162267
-0.004400586744899182,0.5183357781037472,0.35671422856380874,0.630617415655421,-0.8335778103747167,0.7519669289238566,0.3465795439391921,0.7327643685824778,0.17215628750500067,0.029203893852513874,-0.7373536510148478
-0.18895852780370703,0.3796506200826779,-0.5404720629417255,0.144952660354714,-0.27857047606347507,-0.6935591412188291,-0.42605680757434317,0.9909321242832378,0.17535671422856391,0.5671422856380852,0.024264295212787473
0.8615815442058943,0.014535271369515934,0.5100680090678757,0.46126150153353795,-0.23616482197626343,0.6874249899986666,0.27723696492865724,-0.13908521136151475,-0.7541005467395653,-0.15642085611414847,-0.2510398532790403
0.22816375516735565,-0.2014935324709961,-0.5495399386584878,0.635151353513802,0.24949993332444342,0.6964928657154288,-0.8202426990265368,0.5394052540338714,-0.10148019735964786,0.5375383384451262,-0.13879183228212183
0.45246032804373937,0.7308974529937327,-0.7613015068675824,-0.5570076010134684,0.4161888251766903,0.8442458994532607,-0.49939991998933186,0.11028137084944678,0.3420456060808108,0.40178690492065616,-0.017662058804253727
-0.449259901320176,-0.675156687558341,0.2671022803040406,-0.2633684491265501,-0.9823976530204027,-0.31990932124283233,-0.8626483531137485,0.5479397252967064,-0.88798506467529,0.9311908254433927,0.20193891296507052
0.8274436591545542,0.7151620216028804,-0.9197226296839578,-0.6519535938125083,0.14708627817042275,0.25376716895586093,0.8874516602213631,0.35484731297506356,0.5511401520202694,-0.7119615948793172,1.0459340353920064
0.3001733564475264,-0.11561541538871845,0.5900786771569544,0.19055874116548877,0.9301240165355382,-0.9978663821842912,0.015602080277370423,0.9655954127216964,0.3868515802106949,-0.9213228430457394,-0.19707366444542762
-0.24416588878517131,-0.816242165622083,-0.8578477130284038,0.8813175090012004,-0.7082277637018268,0.7156954260568078,0.8866515535404722,-0.9261234831310842,-0.3743165755434057,0.006000800106680915,-0.9102235579716459
0.24523269769302591,0.5234031204160556,-0.05800773436458184,-0.5356714228563808,-0.3892519002533671,-0.8546472863048407,0.028403787171622952,0.6092812374983332,0.3055074009867984,0.5196692892385653,0.6981426424092332
-0.26123483131084135,0.006000800106680915,-0.6964928657154287,-0.589545272703027,-0.13455127350313367,-0.874116548873183,0.0681424189891986,0.40712094945992816,-0.42712361648219754,-0.8370449393252434,0.09980150595246307
-0.5940792105614081,0.06760901453527146,0.6170156020802775,0.4879317242298975,0.5636751566875584,-0.4431257501000133,0.3063075076676891,-0.9485264701960261,-0.9053207094279238,-0.08414455260701414,0.515616677476657
0.8658487798373118,0.31884251233497807,0.2713695159354581,-0.5186024803307108,0.6519535938125085,0.4039205227363649,0.8954527270302708,-0.6748899853313775,-0.0793439125216695,-0.3908521136151486,0.042733898906004104
0.5671422856380852,0.8087745032671025,-0.03693825843445786,0.6540872116282173,-0.9389251900253367,0.17455660754767321,0.7420989465262036,-0.889318575810108,0.9391918922523006,-0.10708094412588332,0.022593577459824758
0.9978663821842915,-0.5436724896652887,0.656220829443926,0.022269635951460254,0.21696226163488475,0.1764235231364184,0.48233097746366194,-0.2329643952527003,0.3087078277103614,0.16895586078143765,-0.6734168508334752
-0.7610348046406188,0.8642485664755302,-0.3095079343912521,-0.8447793039071876,-0.9349246566208828,-0.2513668489131884,-0.0505400720096012,-0.8607814375250034,-0.2807040938791838,0.30150686758234446,0.37372552748399923
0.026536871582877763,-0.3447126283504467,0.7786371516202162,0.3036404853980532,0.9831977597012937,-0.19429257234297903,-0.9938658487798373,-0.16468862515001992,-0.1465528737164955,-0.1561541538871849,0.09387146441625197
-0.40872116282170956,0.41058807841045475,-0.5324709961328177,0.8914521936258168,-0.9711961594879317,-0.899186558207761,0.7855714095212696,-0.335911454860648,-0.3988531804240565,-0.7396986264835311,-1.079700358063988
0.9061208161088148,0.05987464995332714,0.9085211361514871,0.49619949326576895,-0.7642352313641818,0.4772636351513537,0.011334844645952913,-0.5620749433257768,-0.35378050406720896,-0.38711828243765833,-0.35598570168613275
-0.046006134151220124,0.05320709427923731,-0.45859447926390184,-0.9610614748633151,-0.40018669155887443,0.02947059607947744,0.2687024936658222,0.7975730097346314,-0.783971196159488,0.5724763301773572,0.7886538010074027
0.040938791838911914,0.7204960661421524,-0.9877316975596746,0.41512201626883605,-0.3308441125483397,0.037471662888385104,0.05800773436458195,0.36711561541538895,0.6922256300840113,-0.07187625016668886,-1.2376235375731524
0.7975730097346314,0.34711294839311924,-0.3953860514735298,-0.5863448459794639,-0.44445926123483126,-0.2102947059607947,-0.35298039738631815,0.8365115348713164,0.8079743965862116,-0.8725163355114015,0.4254959441643721
0.7637018269102549,-0.8127750366715562,0.47779703960528086,-0.30150686758234424,0.12601680224029876,0.39591945592745703,0.4511268169089213,0.5239365248699828,-0.11721562875049996,0.7439658621149488,-1.0408692933398114
0.17402320309374586,-0.46712895052673686,-0.6186158154420589,-0.48206427523669815,-0.5743432457661022,-0.7399653287104947,-0.6452860381384184,-0.7428990532070943,-0.6898253100413387,0.7463661821576211,1.626875166218038
0.5135351380184026,-0.47352980397386313,-0.4372583011068142,0.6580877450326712,0.26043472462995076,0.6831577543672491,-0.7770369382584345,0.8871849579943993,0.38205094012535024,0.9527937058274438,-0.411633879141344
0.9541272169622619,0.5890118682491001,0.7316975596746234,0.9157220962795041,-0.9445259367915722,0.4321909587945061,0.1929590612081613,0.01080144019202578,0.4556607547673024,0.23589811974929997,0.5483529287308588
0.14628617148953205,-0.2721696226163488,0.15615415388718512,-0.732497666355514,0.5084677957060943,0.24629950660088018,0.5695426056807575,0.14201893585811454,-0.9002533671156154,-0.8234431257501,-0.550589616908178
-0.6546206160821443,-0.20336044805974118,-0.08361114815308701,-0.868249099879984,-0.47779703960528064,0.33804507267635686,-0.7244965995466062,0.530337378317109,0.549539938658488,-0.15508734497933052,0.7410663341929329
0.7396986264835312,-0.36418189091878916,-0.5274036538205094,-0.9245232697693025,-0.9106547539671956,-0.513801840245366,-0.22523003067075598,-0.1918922523003066,-0.8455794105880784,0.7076943592478999,2.0527477796836724
0.9722629683957862,0.9453260434724631,-0.8346446192825709,-0.11641552206960915,0.7423656487531674,0.10521402853713835,-0.6175490065342045,-0.8322442992398986,0.28150420056007475,0.46472863048406476,0.009112674526341444
-0.5591412188291771,-0.043339111881584125,-0.21776236831577533,-0.02760368049073203,-0.15748766502200284,0.8839845312708363,0.06520869449259914,0.6426190158687826,-0.20949459927990388,0.004667288971863082,-0.08844815754332533
0.9170556074143221,-0.9341245499399919,-0.5652753700493398,-0.5356714228563808,0.8951860248033072,-0.5370049339911989,0.4849979997332978,-0.6839578610481397,-0.9866648886518202,-0.07080944125883437,-1.4463832607480285
-0.4247232964395252,0.5543405787438327,0.8962528337111617,-0.3524469929323909,0.5407387651686892,0.4073876516868917,-0.5770102680357381,0.6295506067475665,-0.8663821842912388,-0.6290172022936391,-0.46677737135026054
-0.5535404720629417,-0.059341245499399786,-0.2855047339645286,0.45352713695159363,0.5730097346312844,0.4100546739565276,0.720762768369116,-0.7629017202293639,0.1945592745699427,0.3092412321642888,0.30131938850708306
0.9954660621416191,-0.3225763435124682,0.357781037471663,0.4204560608081078,-0.8311774903320442,0.66022136284838,0.28683824509934674,-0.743699159887985,0.9861314841978932,0.01506867582344329,-0.8991918482832126
-0.9015868782504334,-0.8477130284037871,0.8319775970129353,0.9858647819709296,0.2129617282304308,0.5247366315508737,-0.8389118549139885,0.49006534204560626,0.6375516735564744,-0.3217762368315775,1.5426622581017995
-0.19722629683957849,0.507934391252167,0.8813175090012004,-0.53487131617549,0.8594479263901855,-0.6082144285904787,0.07374316575543416,-0.956527537004934,0.4199226563541807,-0.2929723963195092,-0.9554060681939592
-0.5175356714228563,-0.5386051473529804,-0.8695826110148019,0.179890652086945,0.7783704493932526,0.8415788771836246,-0.28923856514201884,0.9178557140952128,0.8546472863048409,-0.26843579143885843,1.7101415161822384
-0.8829177223629817,-0.3439125216695559,0.6276836911588213,0.7372983064408589,0.27617015602080297,-0.0862781704227229,0.689825310041339,-0.10841445526070137,0.30177356980930803,-0.20336044805974118,0.5575757946914524
0.7146286171489533,0.9325243365782105,0.49886651553540484,0.19589278570476076,-0.4857981064141885,0.17775703427123624,-0.13988531804240556,-0.007867715695425992,0.4007200960128019,0.4791305507400989,1.0502491895755484
-0.516468862515002,-0.17669022536338175,0.28870516068809193,0.5140685424723297,0.7666355514068544,-0.15642085611414847,-0.2468329110548072,-0.20202693692492324,0.8647819709294575,0.15908787838378458,0.5659026757245258
-0.7143619149219895,-0.7877050273369782,-0.8317108947859715,-0.9266568875850113,-0.3631150820109348,-0.24496599546606213,0.06147486331510876,-0.645552740365382,0.6122149619949329,0.2705694092545674,2.442234340366474
-0.9237231630884117,-0.20442725696759556,0.08174423256434205,0.8354447259634619,-0.24576610214695283,0.7754367248966532,0.36018135751433533,-0.24229897319642613,-0.8434457927723696,-0.44285904787304964,0.09706550407807155
0.6322176290172024,0.40898786504867335,0.3140418722496334,0.47192959061208173,-0.7148953193759168,-0.6628883851180156,-0.4388585144685958,-0.520469395919456,-0.5652753700493398,-0.6183491132150953,0.9572924639529932
-0.25083344445926115,-0.41672222963061734,-0.11614881984264558,-0.1910921456194159,0.4855314041872252,0.8914521936258168,-0.9506600880117348,0.7426323509801309,-0.7767702360314708,-0.8394452593679157,0.41686212700432834
0.9317242298973198,-0.760234697959728,0.9549273236431526,0.811708227763702,0.8885184691292174,-0.5343379117215628,-0.6042138951860248,0.06760901453527146,0.8245099346579545,-0.4892652353647152,-0.6272441906531689
0.30577410321376197,-0.6559541272169622,0.18735831444192574,0.3519135884784639,-0.218029070542739,-0.03773836511534867,0.15748766502200295,0.24496599546606235,-0.6047472996399519,-0.32657687691692217,-0.3528505455022676
0.17962394985998142,-0.7418322442992399,-0.8706494199226563,0.08654487264968669,-0.6266168822509668,-0.6663555140685424,-0.21056140818775826,0.4479263901853583,-0.4215228697159621,0.7570342712361651,1.2557392010294457
-0.028937191625549974,0.7637018269102549,0.9357247633017738,-0.2076276836911587,-0.689025203360448,-0.3255100680090678,-0.18682490998799828,-0.5295372716362181,-0.5167355647419656,0.8421122816375519,0.6062875843840012
-0.1238831844245899,-0.0628083744499266,0.7842378983864517,-0.1910921456194159,0.6111481530870784,0.32951060141352184,0.6386184824643286,0.41512201626883605,0.4156554207227632,-0.6839578610481397,-0.3163722926253518
0.6106147486331512,0.33724496599546616,-0.997332977730364,0.11401520202693693,-0.25856780904120547,-0.9994665955460728,0.846646219495933,-0.218029070542739,-0.6538205094012535,0.32604347246299525,-0.02818885318578751
0.5786104813975199,0.23269769302573695,-0.43245766102146943,-0.21936258167755696,-0.10361381517535662,-0.926923589811975,-0.9101213495132684,-0.16815575410054662,-0.4649953327110281,0.9506600880117351,0.873591800501079
0.9746632884384587,0.8861181490865451,0.5074009867982399,0.4948659821309509,-0.9319909321242832,0.2593679157220965,0.9471929590612083,0.49433257767702377,0.1868249099879986,0.457260968129084,1.0940932211343728
0.5690092012268304,0.9863981864248568,0.9191892252300309,-0.35218029070542733,-0.5676756900920122,0.284704627283638,-0.6186158154420589,-0.6714228563808508,0.7319642619015871,0.16895586078143765,0.9691054850979699
-0.22656354180557403,0.4196559541272171,-0.024669955994132464,-0.5767435658087745,-0.3839178557140952,-0.7444992665688759,-0.7815708761168155,0.6962261634884652,0.10681424189891997,0.9037204960661422,0.45155792309314424
-0.08681157487665014,0.6063475130017337,-0.03427123616482186,-0.24309907987731694,0.03373783171089495,-0.51780237364982,0.6807574343245768,0.04227230297372997,-0.2625683424456593,0.9477263635151356,-0.058422861388808194
-0.008134417922389559,-0.47006267502333643,0.6876916922256302,-0.25883451126816903,0.8994532604347247,0.695159354580611,0.7757034271236167,-0.009467929057207503,0.9975996799573279,0.16255500733431139,-0.03356351551786166
0.46312841712228314,0.7186291505534073,0.8463795172689694,-0.17482330977463656,-0.6092812374983331,0.6484864648619817,0.1894919322576345,-0.03000400053340435,0.041738898519802836,-0.7442325643419122,0.09966890239485299
0.49086544872649696,-0.5212695026003467,0.2593679157220965,-0.8615815442058941,-0.7826376850246699,0.03133751166822263,0.30604080544072554,0.6354180557407656,0.604213895186025,-0.8157087611681557,0.11937779572657216
-0.9378583811174823,-0.41032137618349107,0.04307240965462067,-0.503933857847713,-0.3297773036404853,0.7327643685824778,0.39858647819709314,-0.7703693825843445,-0.183091078810508,0.5668755834111217,0.3563154229615029
0.8418455794105884,-0.0004000533404453499,-0.26310174689958654,-0.9562608347779704,0.43512468329110554,0.1660221362848382,-0.5959461261501533,0.8983864515268705,0.3079077210294707,-0.48473129750633415,-0.22579223106819174
-0.6938258434457927,0.09827977063608495,-0.9626616882250967,-0.4660621416188825,-0.16095479397252954,-0.4055207360981463,0.40472062941725584,-0.04013868515802099,-0.4207227630350713,-0.25083344445926115,0.44636753875518
0.38098413121749575,-0.8757167622349646,0.8853180424056544,0.698359781304174,0.34097879717295654,-0.8365115348713161,-0.6823576476863582,-0.49513268435791435,0.661554873983198,0.029203893852513874,-0.7313688511989858
0.3345779437258303,0.6034137885051343,0.15162021602880404,-0.5244699293239098,-0.8279770636084811,-0.11214828643819164,0.893319109214562,0.8759834644619284,-0.009467929057207503,-0.5959461261501533,0.7482673263242683
-0.8951860248033071,0.5242032270969463,0.0908121082811042,0.8519802640352048,-0.8143752500333378,0.24496599546606235,0.037471662888385104,0.3257767702360317,0.8191758901186827,-0.4020536071476196,-1.2740337241966777
0.7965062008267771,0.8098413121749568,0.33404453927190314,-0.27083611148153075,0.9495932791038808,0.29617282304307246,-0.35911454860648084,-0.0766768902520335,0.668755834111215,0.6980930790772104,0.7269318317093024
-0.2695026003467128,0.13855180690758773,-0.8727830377383651,0.538871849579944,-0.7082277637018268,0.8874516602213631,0.8543805840778773,0.5618082410988132,-0.12575010001333498,0.09454593945859457,-1.6830217366062137
0.49806640885451414,-0.022269635951460143,-0.10388051740232018,-0.1028137084944658,-0.7354313908521135,0.86051473529804,-0.35458061074809966,-0.5132684357914388,-0.4476596879583944,0.28843845846112837,-0.5020600742985206
0.9847979730630754,-0.8949193225763435,0.8754500600080013,0.35031337511668226,0.6076810241365518,-0.1780237364981997,0.40552073609814654,0.7188958527803708,-0.9434591278837178,-0.35031337511668215,-1.5755723111767936
0.3735164688625152,-0.788505134017869,-0.8954527270302707,0.2908387785038007,-0.3639151886918255,0.35404720629417263,0.5962128283771171,-0.3473796506200826,-0.0644085878117081,0.9205227363648487,-0.3897459113354542
-0.8885184691292172,0.9890652086944929,-0.02680357380984122,0.18255767435658088,-0.9559941325510068,-0.5828777170289372,-0.32924389918655816,-0.05214028537138271,0.5698093079077211,-0.136951593545806,-0.3629507888511736
-0.3543139085211361,0.41592212294972675,0.37298306440858786,0.017202293639152044,-0.29377250300040003,-0.2110948126416855,0.16255500733431139,-0.7060941458861181,0.9642619015868785,-0.8114415255367382,0.07949290160743216
-0.9959994665955461,0.9050540072009603,0.10068009067875727,0.10548073076410192,0.04653953860514748,0.9330577410321379,0.7863715162021605,0.486864915322043,-0.33217762368315773,-0.4956660888118415,-0.5377524958003503
0.8141085478063743,-0.5538071742899053,-0.8653153753833844,-0.31884251233497796,-0.7228963861848245,0.5599413255100683,-0.710094679290572,-0.8629150553407121,-0.6799573276436858,-0.46126150153353773,0.7465410437824266
-0.7175623416455528,-0.7951726896919589,-0.15455394052540328,0.9629283904520605,-0.4719295906120815,0.3623149753300441,-0.1945592745699426,-0.15855447392985722,0.2655020669422592,0.4641952260301374,-0.06969020161555634
-0.7735698093079078,0.3100413388451795,0.9954660621416191,0.11401520202693693,-0.09481264168555803,-0.5716762234964661,0.8671822909721298,-0.014535271369515823,0.14068542472329648,0.713561808241099,-0.2747649275178254
0.08174423256434205,0.5532737698359782,-0.41645552740365377,0.9146552873716498,-0.7701026803573809,-0.5770102680357381,-0.7949059874649953,0.43512468329110554,-0.0862781704227229,-0.8525136684891319,-1.0253735773779022
-0.4679290572076277,-0.07294305907454324,0.9957327643685827,0.16202160288038425,0.5170022669689294,-0.814908654487265,0.7311641552206962,-0.8383784504600613,0.3543139085211362,0.9317242298973198,-1.091966102273454
0.5770102680357383,-0.03267102280304035,-0.6828910521402853,0.8183757834377918,0.8309107881050808,0.5098013068409122,0.4311241498866516,0.4521936258167758,-0.7618349113215095,-0.6796906254167222,0.5953046670786605
-0.876783571142819,-0.5036671556207494,-0.9786638218429123,0.7741032137618351,0.12815042005600752,-0.5444725963461794,-0.9410588078410455,-0.18789171889585266,0.22576343512468333,0.6852913721829579,0.7578082455336437
-0.08201093479130539,-0.40338711828243756,0.5111348179757302,0.4103213761834912,0.6244832644352583,0.32417655687425007,-0.12895052673689822,-0.8218429123883184,-0.31110814775303364,-0.3428457127617015,0.43520926036838903
0.29377250300040014,0.06014135218029071,-0.42605680757434317,-0.8877183624483265,-0.24309907987731694,0.7730364048539806,0.9434591278837181,-0.4596612881717562,0.41592212294972675,-0.10414721962928386,0.5477213855943956
-0.2721696226163488,-0.07374316575543394,0.9778637151620218,0.6522202960394721,0.7258301106814244,0.7114281904253903,0.8338445126016805,0.3945859447926392,0.8239765302040274,0.6636884917989068,1.8502351411546785
0.654887318309108,-0.21482864381917577,0.5471396186158155,0.9706627550340048,0.7044939325243367,-0.9266568875850113,-0.7957060941458861,-0.3201760234697959,-0.6242165622082945,0.48046406187491675,0.38553757718504345
-0.7298306440858782,0.6218162421656221,-0.04973996532871039,0.6991598879850649,0.8103747166288839,-0.0409387918389118,0.1729563941858916,0.4636618215762103,0.6500866782237633,0.0020002667022269716,-0.06817575910035364
0.5522069609281239,-0.6508867849046539,-0.9447926390185358,-0.9890652086944925,0.09934657954393922,-0.10974796639551931,-0.6362181624216562,0.5263368449126551,-0.7741032137618349,0.2751033471129485,1.381313351729624
-0.18202426990265363,0.773569809307908,0.9261234831310843,0.2751033471129485,0.08707827710361382,-0.9306574209894652,0.352446992932391,-0.6647553007067608,-0.21429523936524864,0.9674623283104415,-0.04680363896424311
-0.11668222429657282,-0.603413788505134,-0.4407254300573409,-0.37298306440858775,0.3159087878383786,0.14681957594345918,0.527136951593546,-0.2809707961061474,-0.4196559541272169,-0.3767168955860781,0.4794718117205132
0.14255234031204167,-0.7762368315775436,-0.8327777036938259,0.20202693692492346,-0.5532737698359781,0.0961461528203762,-0.06387518335778097,-0.1342845712761701,0.9255900786771571,-0.09134551273503122,0.20144934452498875
-0.7642352313641818,-0.5098013068409121,-0.44659287905054,-0.07827710361381512,-0.6604880650753433,0.2121616215495401,0.6260834777970397,-0.5786104813975197,-0.6530204027203627,0.5319375916788907,0.8258635774117532
-0.4903320442725696,0.5596746232831045,-0.2521669555940791,-0.1761568209094545,0.5394052540338714,-0.2529670622749699,0.3327110281370851,-0.7236964928657155,-0.8941192158954527,-0.11028137084944656,-0.46377783119046145
0.07507667689025221,0.21856247499666637,0.45086011468195775,0.7839711961594882,0.34071209494599297,0.4564608614481933,-0.6210161354847312,0.1956260834777972,-0.28817175623416447,0.49459927990398733,1.0062657955698457
-0.09027870382717684,-0.022803040405387276,0.1564208561141487,0.16895586078143765,0.9399919989331913,0.2348313108414457,0.33564475263368454,-0.29883984531270824,0.07827710361381524,0.3081744232564343,0.4134247909566334
0.5540738765168691,-0.8007734364581944,-0.3025736764901986,0.18549139885318056,-0.9541272169622617,0.5804773969862649,-0.3071076143485797,-0.20202693692492324,-0.15508734497933052,-0.6943592478997199,-0.8400061589736969
0.4503267102280306,-0.5319375916788904,-0.2903053740498732,0.9402587011601549,-0.025203360448059597,-0.965062008267769,-0.5943459127883717,0.4087211628217098,-0.09187891718895846,0.2756367515668756,-0.2556438809509425
-0.022269635951460143,0.8053073743165757,-0.7095612748366449,-0.44099213228430456,-0.19322576343512465,0.249766635551407,-0.23189758634484592,0.45859447926390207,-0.1841578877183624,-0.6610214695292705,-0.12328988597892697
-0.8399786638218429,-0.5834111214828643,-0.20122683024403243,0.6106147486331512,0.8671822909721298,-0.09534604613948516,0.12068275770102699,-0.36684891318842505,-0.8941192158954527,0.9362581677557009,1.0400116155019727
0.5586078143752502,0.829577276970263,-0.6596879583944526,0.5770102680357383,-0.6831577543672489,0.17428990532070943,0.17882384317909072,0.5860781437525004,-0.813575143352447,0.7885051340178693,-1.149686942961347
-0.6431524203227097,0.11721562875050018,-0.1273503133751166,0.9410588078410456,-0.44899319909321234,-0.733831177490332,-0.5628750500066675,0.1780237364981998,0.4505934124549942,0.29003867182290977,-0.11297639959366025
0.9101213495132685,0.3972529670622751,0.1710894785971464,-0.3801840245366048,0.44019202560341397,-0.5292705694092545,0.8010401386851582,-0.21749566608881177,0.6335511401520204,-0.5511401520202693,0.47592773863110144
0.7090278703827178,0.35378050406720907,-0.29777303640485386,0.7887718362448328,0.34257901053473816,-0.11988265102013596,0.6556874249899989,-0.2652353647152953,-0.7487665022002934,-0.7517002266968928,-0.2351697471496231
0.5975463395119351,-0.362314975330044,-0.08147753033737826,0.13428457127617022,0.11854913988531823,-0.2729697292972396,0.42285638085078014,0.27350313375116686,-0.6548873183091078,0.17829043872516337,-0.3758707926389118
-0.8818509134551273,0.802373649819976,0.7709027870382719,0.30044005867449,0.185224696626217,0.7834377917055608,0.5010001333511136,-0.97626350180024,-0.4841978930524069,0.535671422856381,0.8807924964072736
-0.8981197492999067,0.2225630084011203,-0.6639551940258701,0.007601013468462536,0.8250433391118817,-0.08174423256434182,0.26230164021869595,0.8842512334977999,0.22282971062808388,0.2809707961061476,-0.45112248920947984
0.7535671422856383,0.9002533671156157,0.09107881050806776,-0.8234431257501,0.20389385251366865,0.618082410988132,-0.7180957460994799,-0.7170289371916255,0.6431524203227099,-0.7479663955194026,0.2533879476531937
0.9245232697693027,-0.6690225363381783,-0.5399386584877983,-0.5122016268835845,0.9567942392318978,-0.07134284571276162,0.5972796372849716,-0.14441925590078675,0.7263635151353516,-0.675156687558341,-0.16398070056490294
-0.1876250166688891,0.006267502333644481,0.3073743165755436,0.6146152820376052,-0.8775836778237098,-0.26470196026136816,0.14441925590078686,0.560741432190959,-0.050273369782637634,-0.3436458194425923,-0.08808858598395176
0.3961861581544208,0.13668489131884254,-0.07561008134417913,-0.5623416455527404,0.11508201093479142,-0.5943459127883717,0.14095212695026005,-0.9546606214161888,-0.19322576343512465,0.4721962928390453,-0.036347873865301375
-0.7965062008267769,-0.14201893585811431,0.22389651953593814,-0.8514468595812775,-0.9154553940525403,-0.45246032804373915,-0.306307507667689,-0.003067075610081238,0.18629150553407126,-0.6572876383517803,1.196390981251521
-0.4745966128817175,-0.17375650086678218,0.13588478463795184,0.21882917722362993,0.8485131350846782,0.04493932524336586,0.2532337645019338,-0.15562074943325765,-0.2537671689558607,-0.9527937058274436,0.3370803994273933
0.8839845312708363,-0.7178290438725163,-0.23003067075610073,0.3633817842378986,-0.572476330177357,-0.6599546606214162,-0.6642218962528337,0.6658221096146155,-0.5412721696226164,-0.8821176156820909,-0.1993348030155264
0.8634484597946395,0.10868115748766516,-0.7655687424989999,0.7621016135484733,0.3623149753300441,0.8005067342312311,-0.39991998933191086,0.9573276436858249,-0.9559941325510068,-0.42258967862381647,0.5824486300748172
-0.5180690758767835,0.9669289238565144,-0.2705694092545672,-0.792505667422323,-0.3543139085211361,0.21429523936524886,-0.2959061208161088,0.5460728097079612,-0.3156420856114148,-0.8373116415522069,-0.34310066387106714
-0.11268169089211888,0.39138551806907595,0.129217228963862,-0.3935191358847846,0.6340845446059475,-0.43245766102146943,-0.14255234031204156,-0.4231230830777436,-0.9125216695559408,0.7690358714495267,-0.6257491528196932
0.6650220029337246,-0.9261234831310842,0.9741298839845314,0.9359914655287374,0.09454593945859457,-0.9306574209894652,0.6711561541538873,0.6348846512868385,-0.21002800373383113,-0.4169889318575809,-0.3214837134662766
0.37671689558607824,0.47966395519402605,-0.12788371782904384,-0.4047206294172556,-0.9402587011601546,-0.09401253500466722,-0.9399919989331911,0.5202026936924924,-0.5890118682490999,0.4164555274036539,0.8536340945790738
0.25270036004800644,-0.6391518869182558,0.8882517669022538,-0.312174956660888,-0.9930657420989465,0.7989065208694495,-0.001733564475263294,0.44392585678090435,0.3572476330177359,-0.14788638485131345,-1.5949892383130138
-0.40872116282170956,-0.5735431390852113,0.9391918922523006,0.8565142018935861,0.2348313108414457,-0.12628350446726222,-0.9103880517402321,-0.7327643685824776,0.9138551806907589,-0.3761834911321509,1.0563222305640632
-0.0662755034004533,-0.3463128417122282,-0.5268702493665822,-0.7583677823709828,-0.2198959861314841,-0.01746899586611539,-0.984797973063075,0.8703827176956929,0.11748233097746374,0.17002266968929192,0.784811512486537
0.6279503933857848,-0.965062008267769,0.20549406587545027,0.5247366315508737,-0.3116415522069609,-0.22389651953593803,0.06147486331510876,-0.5775436724896652,0.21962928390452063,-0.35538071742899047,-0.7654203580188993
-0.6700893452460328,-0.8719829310574743,-0.13668489131884243,0.25350046672889737,0.21509534604613956,-0.09001200160021328,-0.9029203893852513,-0.015068675823443067,-0.581010801440192,-0.3271102813708494,0.34845153266566237
-0.9165222029603948,0.3937858381117483,-0.4687291638885184,0.020402720362715066,-0.08814508601146809,0.3396452860381385,-0.048406454193892445,-0.4433924523269769,0.010001333511134858,0.9029203893852515,-0.73009488463734
0.5236698226430192,0.5100680090678757,0.2209627950393387,0.1833577810374718,0.8530470729430593,0.020402720362715066,-0.9429257234297906,0.13028403787171627,-0.6260834777970395,-0.8138418455794105,0.8996254208239216
0.7439658621149488,0.05907454327243644,-0.31350846779570607,-0.4196559541272169,-0.6986264835311374,-0.33537805040672086,0.9357247633017738,-0.033204427256967484,0.009734631284171291,0.2513668489131886,0.7176879382217812
-0.22362981730897447,0.9629283904520605,-0.28763835178023733,-0.05880784104547265,0.7829043872516337,-0.2860381384184557,0.6151486864915323,-0.5183357781037472,-0.35458061074809966,0.31910921456194163,-0.6703477020576456
-0.2732364315242032,0.7268969195892787,-0.19722629683957849,-0.9389251900253367,-0.8946526203493799,0.09454593945859457,-0.0004000533404453499,-0.2871049473263101,-0.8410454727296973,-0.04200560074676618,0.5993202814824131
0.15215362048273118,-0.6300840112014935,-0.2780370716095478,0.5506067475663423,-0.029470596079477218,0.08867849046539544,0.5946126150153355,0.6887585011334847,-0.6130150686758233,-0.9351913588478464,-0.12501504558276422
-0.4433924523269769,0.5044672623016404,-0.3657821042805707,0.13855180690758773,-0.42792372316308835,-0.8007734364581944,0.4983331110814777,0.16015468729163906,0.8253100413388454,-0.8901186824909988,-0.6185830565838186
0.42472329643952533,-0.7730364048539805,-0.2564341912254967,-0.554607280970796,-0.30497399653287094,-0.13641818909187886,0.21989598613148442,0.12628350446726233,0.4903320442725698,-0.08787838378450452,0.26559181288266354
0.981064141885585,0.2382984397919723,0.1702893719162557,0.4695292705694094,0.7514335244699295,-0.8250433391118815,0.4353913855180691,-0.2697693025736764,0.8447793039071878,0.8615815442058943,0.3269723844843383
-0.8869182557674357,0.6159487931724232,0.7319642619015871,0.1833577810374718,0.04120549406587548,0.4623283104413922,0.8453127083611149,-0.5300706760901452,-0.35724763301773566,0.2025603413788506,0.40175829600305957
-0.0025336711561541048,-0.7805040672089611,-0.11081477530337369,0.23376450193359122,-0.6463528470462728,-0.26390185358047735,0.4793972529670625,-0.29803973863181754,-0.9093212428323776,0.17002266968929192,0.08812040029849934
0.5111348179757302,-0.49593279103880517,-0.8474463261768236,-0.8997199626616882,-0.42605680757434317,-0.024669955994132464,-0.644219229230564,-0.15455394052540328,-0.10734764635284699,0.9698626483531139,1.3787190396803466
-0.6503533804507267,-0.3777837044939325,0.7549006534204563,0.05000666755567429,0.6930257367649022,0.28417122282971086,0.5572743032404321,0.9077210294705962,-0.5954127216962262,-0.06734231230830767,0.4311939364274724
-0.9247899719962661,-0.01053473796506188,0.6271502867048941,0.9410588078410456,-0.9570609414588612,-0.8370449393252434,0.8258434457927726,-0.7439658621149486,0.6596879583944528,0.1388185091345513,-0.08292457327649295
0.7927723696492868,0.33217762368315795,0.11454860648086429,-0.967729030537405,0.244432591012135,-0.6642218962528337,0.6367515668755837,0.13375116682224308,-0.865582077610348,0.009201226830244158,-0.6460073705060816
-0.6834244565942125,0.6567542338978531,-0.47859714628617145,0.027336978263768685,0.4484597946392854,-0.6276836911588212,0.8533137751700228,0.9997332977730367,0.17615682090945461,0.6575543405787441,-0.9506733769105857
-0.3857847713028403,0.05800773436458195,-0.07160954793972518,0.06867582344312595,-0.424189891985598,0.5202026936924924,0.8834511268169092,0.20629417255634097,-0.801040138685158,0.9679957327643687,-0.0442937459675663
0.9469262568342447,-0.45859447926390184,0.24389918655820786,0.7098279770636087,0.25696759567942395,-0.056940925456727465,-0.02840378717162284,-0.6906254167222297,0.8994532604347247,0.26150153353780525,-0.23303234228566755
-0.22389651953593803,0.44205894119215916,0.6900920122683025,0.04467262301640229,0.5844779303907188,-0.5071342845712761,-0.9442592345646086,-0.8189091878917188,0.9207894385918125,-0.40792105614081875,0.3040452734771787
0.5087344979330579,0.3073743165755436,-0.2855047339645286,0.30497399653287127,0.23003067075610084,0.23803173756500873,0.9426590212028272,-0.6687558341112148,-0.9151886918255767,0.5330044005867451,-0.36866178117701276
-0.8626483531137485,0.4983331110814777,0.24843312441658894,-0.4740632084277904,0.7084944659287906,0.9167889051873586,-0.11614881984264558,-0.5103347112948393,-0.33297773036404843,0.17455660754767321,-0.10379384255211369
0.7778370449393255,0.9079877316975598,-0.06307507667689016,0.3737831710894788,-0.9477263635151354,0.20389385251366865,0.9903987198293107,0.7693025736764905,-0.5751433524469929,0.15615415388718512,-0.3671417901126126
-0.5338045072676356,0.18869182557674358,0.5991465528737165,-0.7893052406987598,-0.7327643685824776,0.8679823976530205,0.5588745166022138,0.6954260568075745,0.6092812374983332,0.17695692759034554,-0.6079723188646856
0.649019869315909,-0.9522603013735165,0.16282170956127495,-0.32657687691692217,0.1022803040405389,0.30684091212161624,-0.789838645152687,-0.13881850913455118,-0.5828777170289372,0.258301106814242,-0.5165767525061338
0.09347913055074031,0.8509134551273505,-0.4433924523269769,0.5922122949726631,0.5162021602880384,-0.6114148553140418,-0.8167755700760101,0.0006667555674091385,-0.09774636618215748,-0.7605014001866915,-0.7689471841037623
0.668755834111215,-0.5951460194692626,-0.7348979863981864,0.993599146552874,0.2486998266435525,0.11748233097746374,-0.35564741965595403,0.9421256167489,0.4164555274036539,-0.6906254167222297,-0.4539274295320186
-0.9325243365782104,0.6207494332577679,0.3676490198693161,0.9269235898119752,-0.6623549806640885,0.8949193225763437,-0.9199893319109215,-0.7020936124816641,0.556740898786505,0.4380584077877052,-0.5948069488427984
-0.48899853313775166,0.14281904253900524,0.9413255100680094,0.5698093079077211,-0.5652753700493398,-0.7138285104680624,-0.1273503133751166,0.26310174689958665,0.7370316042138954,-0.1177490332044272,0.8074063156786634
-0.3716495532737698,-0.7495666088811841,-0.5871449526603547,-0.727963728497133,-0.36524869982664354,0.7242298973196428,-0.010268035738098313,0.9637284971329512,-0.725296706227497,0.45272703027070293,0.9521843622706656
-0.15748766502200284,-0.8583811174823309,-0.08174423256434182,-0.4687291638885184,0.24123216428857197,-0.9725296706227498,-0.3452460328043738,-0.5738098413121749,0.6623549806640887,-0.13481797573009724,-0.07871423182845569
-0.9245232697693025,-0.55860781437525,0.5996799573276439,0.713561808241099,-0.9207894385918123,-0.22896386184824635,0.05987464995332714,0.7738365115348715,0.8911854913988533,-0.5050006667555673,0.18316316784494363
0.4985998133084413,-0.9773303107080944,0.9122549673289775,-0.3812508334444592,0.8631817575676759,0.5028670489398588,-0.5154020536071475,-0.24843312441658882,0.7095612748366451,-0.6335511401520202,-2.094671944285806
0.5999466595546075,-0.0766768902520335,-0.5143352446992933,0.551406854247233,0.48926523536471533,0.7210294705960796,0.9887985064675291,0.9746632884384587,-0.9106547539671956,-0.23056407521002797,-0.12233305646911477
0.3420456060808108,-0.8858514468595813,0.2969729297239634,-0.2817709027870382,-0.2975063341778903,0.689825310041339,0.4529937324976665,0.7362314975330047,0.2270969462595014,-0.4649953327110281,-0.8312238545036851
0.29723963195092695,-0.7791705560741432,-0.37831710894785964,0.5732764368582479,-0.5492732364315241,-0.11428190425390039,0.2799039871982931,-0.9319909321242832,0.45086011468195775,-0.7095612748366449,-0.39898734188593105
-0.33884517935724756,-0.30737431657554337,-0.14495266035471388,0.3919189225230031,0.5108681157487667,0.5140685424723297,0.34337911721562886,-0.4868649153220429,-0.23669822643019067,0.3135084677957063,0.5589165734535262
-0.3481797573009734,-0.7607681024136551,-0.9647953060408054,-0.4868649153220429,-0.15908787838378446,-0.732497666355514,0.6860914788638486,-0.44792639018535796,0.064675290038672,0.6994265902120285,2.141422483098449
-0.3436458194425923,-0.3985864781970929,0.6204827310308043,0.5927456994265903,-0.104680624083211,-0.9938658487798373,-0.5119349246566208,-0.00973463128417118,-0.9589278570476063,0.8938525136684894,-0.4204821060645253
-0.7247633017735697,-0.876783571142819,-0.26923589811974924,0.17242298973196446,-0.24416588878517131,-0.8965195359381251,0.3263101746899588,-0.8573143085744765,0.48846512868382463,0.7677023603147088,1.0716828798463545
-0.023869849313241653,0.6327510334711297,0.6316842245632752,0.8570476063475132,0.5820776103480465,-0.9917322309641285,0.5167355647419658,0.9583944525936794,0.7501000133351114,-0.07907721029470582,0.8878685247298238
-0.12868382450993454,-0.8725163355114015,0.5418055740765437,0.6570209361248167,0.11214828643819197,0.9330577410321379,0.7474329910654756,0.8333111081477531,-0.6676890252033605,0.9965328710494734,0.7418498799012815
0.6604880650753435,-0.10041338845179348,0.9602613681824246,-0.9719962661688225,0.5194025870116017,-0.8906520869449259,-0.47753033737831707,-0.016135484731297445,0.46632884384584616,0.03880517402320316,-2.2438498040155284
-0.0217362314975329,-0.6887585011334845,-0.5714095212695025,0.263635151353514,-0.7316975596746232,-0.879450593412455,-0.9711961594879317,-0.5706094145886118,-0.048406454193892445,0.7388985198026405,1.0787753774947197
0.08281104147219631,-0.9234564608614482,0.673289771969596,-0.9501266835578077,-0.30417388985198024,-0.17935724763301764,0.16042138951860263,-0.2225630084011201,-0.7343645819442592,-0.5063341778903854,-0.9429884122768012
-0.3047072943059074,-0.5503400453393785,0.22309641285504744,-0.2833711161488198,0.1894919322576345,0.6839578610481398,-0.08787838378450452,-0.814908654487265,-0.7789038538471796,-0.42712361648219754,-0.02842841055684899
0.6855580744099214,0.2313641818909189,-0.9634617949059875,-0.18789171889585266,0.6258167755700761,0.9775970129350582,-0.9026536871582878,0.220162688358448,0.38338445126016807,0.1414855314041874,0.24043177569582017
0.3847179623949861,-0.7484997999733298,-0.2905720762768369,0.8074409921322845,-0.941325510068009,0.06974263235098022,-0.4745966128817175,-0.36791572209627943,0.3369782637685026,0.3351113481797574,-1.1991218843020632
-0.8927857047606347,0.05560741432190963,0.6516868915855449,-0.9583944525936792,0.08894519269235901,-0.5162021602880383,-0.4484597946392852,0.3988531804240567,0.8541138818509135,-0.10441392185624743,-0.3920443625684798
-0.8258434457927724,0.5884784637951728,0.4025870116015471,0.9813308441125486,0.630617415655421,-0.10628083744499262,0.7039605280704095,-0.1657554340578743,-0.2660354713961861,0.20816108814508616,0.8435715795188793
-0.4687291638885184,0.48393119082544356,0.20549406587545027,0.6940925456727565,0.42925723429790663,-0.7914388585144686,0.41778903853847194,-0.8610481397519669,-0.39725296706227486,-0.8426456860914788,0.1882961417918878
0.2836378183757835,0.5159354580610749,0.06974263235098022,0.881584211228164,0.14388585144685972,0.11588211761568212,0.05694092545672769,0.11934924656620893,0.6543539138551808,0.027603680490732252,0.3981180993446055
0.17962394985998142,0.14388585144685972,0.009467929057207725,0.32444325910121363,-0.47939725296706226,-0.41218829177223626,0.6868915855447395,0.6007467662354982,-0.941325510068009,0.48819842645686107,-0.04570384216669613
-0.14148553140418718,-0.7895719429257234,0.7114281904253903,0.3665822109614616,-0.9951993599146552,-0.5194025870116015,0.4049873316442194,-0.023069742632350843,0.8095746099479932,-0.9807974396586211,0.2789063825681627
0.5348713161754901,0.45326043472463007,-0.07987731697559664,-0.3060408054407253,0.7922389651953596,-0.3367115615415388,0.3727163621816243,-0.2964395252700359,0.8786504867315643,0.335378050406721,-0.09435315084883947
-0.8805174023203094,0.9103880517402323,-0.9279903987198292,-0.012668355780770635,-0.2633684491265501,0.4023203093745835,-0.330044005867449,-0.006000800106680804,-0.9365248699826644,-0.0014668622482997273,-2.008925175105166
0.18442458994532607,0.41085478063741854,0.0001333511134817833,-0.3673823176423523,0.36791572209627965,0.5063341778903856,-0.7036938258434458,0.1265502066942259,-0.5004667288971862,0.5242032270969463,0.19188528385759773
-0.7530337378317109,0.03613815175356727,-0.6892919055874116,0.3793839178557141,0.5242032270969463,0.41218829177223637,-0.5868782504333911,0.42632350980130695,-0.5674089878650486,0.7034271236164824,-0.34930111499669325
0.10494732631017478,0.9421256167489,0.5191358847846381,-0.04280570742765688,0.9037204960661422,0.6684891318842514,-0.5972796372849714,0.6588878517135619,-0.6202160288038405,-0.9509267902386985,0.840056183688471
-0.9141218829177223,0.2740365382050942,0.36258167755700765,-0.1604213895186024,-0.980264035204694,-0.27617015602080275,0.9151886918255769,0.9693292438991867,-0.2591012134951326,-0.030270702760367918,0.43846062209434733
0.37218295772769716,0.20736098146419524,0.5967462328310442,0.30150686758234446,0.3551140152020271,0.05400720096012801,-0.9893319109214562,-0.6871582877717028,0.4505934124549942,-0.9266568875850113,0.3113102588990099
-0.23856514201893575,-0.7322309641285505,0.09721296172823046,0.8855847446326179,0.22149619949326582,0.4127216962261637,0.691158821176157,-0.41565542072276296,-0.11588211761568201,0.9575943459127885,0.5346905901513115
0.8511801573543141,-0.7559674623283104,0.15162021602880404,0.08814508601146831,-0.9607947726363515,-0.9122549673289772,0.03507134284571278,0.19802640352046952,-0.4007200960128017,-0.344445926123483,0.08276076516998607
-0.3823176423523136,0.726096812908388,-0.7383651153487132,0.884784637951727,-0.5228697159621283,0.27110281370849454,-0.21189491932257631,-0.6434191225496733,0.8085078010401388,0.16975596746232835,-2.0398792113367006
